I
1000 Generated by WorldEditor

1     59 1 0 UHWW Vladivostok Knevichi
100 60.05 2 0 0.00 0 1 1 07L  43.39132641  132.12907218    0    0 3 5 0 0 25R  43.40662929  132.16698541    0    0 3 8 0 0
100 60.05 2 0 0.00 1 1 1 07R  43.38929517  132.13060075    0    0 3 3 0 0 25L  43.40459768  132.16850709    0    0 3 4 0 0
110 2 0.00 60.9500 Main concrete
112  43.40582714  132.16717317  43.40565102  132.16732523
111  43.40582714  132.16717317
111  43.40511352  132.16773259
112  43.40511352  132.16773259  43.40495501  132.16784278
112  43.40447957  132.16747972  43.40438190  132.16726155
111  43.40447957  132.16747972
111  43.40401827  132.16780475
112  43.40401827  132.16780475  43.40409672  132.16818379
112  43.40375711  132.16874473  43.40352976  132.16892543
111  43.40375711  132.16874473
111  43.40297535  132.16926712
112  43.40297535  132.16926712  43.40290503  132.16929058
112  43.40254120  132.16909211  43.40243039  132.16887506
111  43.40254120  132.16909211
111  43.40235047  132.16872859
111  43.40071198  132.16463837
111  43.40053243  132.16475670
111  43.40230383  132.16918086
112  43.40230383  132.16918086  43.40239333  132.16941843
112  43.40225468  132.16976599  43.40216944  132.16983051
112  43.40182777  132.16945090  43.40165729  132.16905788
111  43.40182777  132.16945090
111  43.39879333  132.16197534
112  43.39879333  132.16197534  43.39874490  132.16184736
112  43.39885491  132.16138764  43.39897502  132.16129699
112  43.39924470  132.16162142  43.39932801  132.16180539
111  43.39924470  132.16162142
111  43.40053243  132.16475670
111  43.40071198  132.16463837
111  43.39242694  132.14415622
111  43.39219850  132.14343180
112  43.39219850  132.14343180  43.39215774  132.14329160
112  43.39234550  132.14281439  43.39247650  132.14270623
111  43.39234550  132.14281439
112  43.39305383  132.14223765  43.39318431  132.14216739
111  43.39305383  132.14223765
112  43.39305383  132.14223765  43.39337718  132.14202688
112  43.39380403  132.14250029  43.39389763  132.14269545
111  43.39380403  132.14250029
111  43.39425143  132.14215651
112  43.39425143  132.14215651  43.39410226  132.14176994
112  43.39442822  132.14116347  43.39458708  132.14105416
111  43.39442822  132.14116347
111  43.39512059  132.14064097
112  43.39512059  132.14064097  43.39538987  132.14054499
112  43.39583881  132.14099784  43.39607322  132.14138976
111  43.39583881  132.14099784
111  43.39520311  132.13942443
112  43.39520311  132.13942443  43.39533097  132.13973636
112  43.39503169  132.14039653  43.39481471  132.14060715
111  43.39503169  132.14039653
111  43.39433362  132.14091048
112  43.39433362  132.14091048  43.39416895  132.14100913
112  43.39367717  132.14071720  43.39350863  132.14045059
111  43.39367717  132.14071720
111  43.39321865  132.14105735
112  43.39321865  132.14105735  43.39329523  132.14156087
112  43.39294503  132.14198619  43.39278336  132.14213451
111  43.39294503  132.14198619
112  43.39294503  132.14198619  43.39284009  132.14208377
111  43.39222351  132.14247819
112  43.39222351  132.14247819  43.39212454  132.14255030
112  43.39173235  132.14232874  43.39161882  132.14212443
111  43.39173235  132.14232874
111  43.39146837  132.14178199
111  43.38805915  132.13334132
111  43.38786006  132.13262743
112  43.38786006  132.13262743  43.38781106  132.13221230
112  43.38805756  132.13198466  43.38812718  132.13192079
111  43.38805756  132.13198466
111  43.38879399  132.13145361
112  43.38879399  132.13145361  43.38903895  132.13128330
112  43.38942628  132.13163173  43.38954490  132.13183752
111  43.38942628  132.13163173
111  43.38988967  132.13134130
112  43.38988967  132.13134130  43.38983155  132.13110137
112  43.39006729  132.13038646  43.39039082  132.13002924
111  43.39006729  132.13038646
111  43.39078876  132.12982244
112  43.39078876  132.12982244  43.39123022  132.12976451
112  43.39149489  132.13020282  43.39171622  132.13049747
111  43.39149489  132.13020282
111  43.39110991  132.12926382
111  43.38952279  132.13046850
111  43.38921313  132.12967556
111  43.38874557  132.13002687
111  43.38907703  132.13082852
111  43.38792685  132.13167104
112  43.38792685  132.13167104  43.38760711  132.13192650
112  43.38764733  132.13285948  43.38779689  132.13330300
111  43.38764733  132.13285948
111  43.39004100  132.13876401
112  43.39004100  132.13876401  43.39009658  132.13890967
112  43.39008551  132.13933971  43.39005111  132.13953090
111  43.39008551  132.13933971
111  43.38972408  132.14071431
112  43.38972408  132.14071431  43.38970243  132.14079045
112  43.38972515  132.14091924  43.38975041  132.14098710
111  43.38972515  132.14091924
111  43.39008042  132.14175057
112  43.39008042  132.14175057  43.39010120  132.14178970
112  43.39019401  132.14181502  43.39024212  132.14182706
111  43.39019401  132.14181502
111  43.39120092  132.14211829
112  43.39120092  132.14211829  43.39130554  132.14215028
112  43.39149230  132.14243030  43.39156205  132.14259825
111  43.39149230  132.14243030
111  43.39202673  132.14370257
111  43.39875025  132.16033806
112  43.39875025  132.16033806  43.39886980  132.16063487
112  43.39847759  132.16124591  43.39819160  132.16148787
111  43.39847759  132.16124591
111  43.39620106  132.16296931
111  43.39986935  132.17200586
111  43.40088194  132.17124463
111  43.40125456  132.17219444
111  43.40144354  132.17203710
111  43.40130173  132.17168185
111  43.40113854  132.17164986
111  43.40096259  132.17118827
111  43.40433621  132.16860735
111  43.40466748  132.16943929
111  43.40512704  132.16907399
111  43.40480578  132.16826277
111  43.40638393  132.16707769
111  43.40601819  132.16621279
114  43.40601819  132.16621279  43.40614148  132.16665135
110 1 0.00 0.0000 Main asphalt
111  43.39155575  132.12893693
111  43.39117710  132.12818321
111  43.39085304  132.12841345
111  43.39108904  132.12914778
111  43.38789005  132.13159150
112  43.38789005  132.13159150  43.38770129  132.13172846
112  43.38756448  132.13287677  43.38775324  132.13350959
111  43.38756448  132.13287677
111  43.38997878  132.13892640
112  43.38997878  132.13892640  43.39001705  132.13901669
112  43.38999754  132.13928431  43.38996801  132.13942124
111  43.38999754  132.13928431
111  43.38943593  132.14147388
112  43.38943593  132.14147388  43.38937699  132.14169735
112  43.38895606  132.14189617  43.38872630  132.14185148
111  43.38895606  132.14189617
111  43.38894413  132.14195889
111  43.38292761  132.14004797
111  43.38285283  132.13988832
111  43.38293534  132.13944839
111  43.38300496  132.13923907
111  43.38054504  132.13841600
111  43.38034133  132.13810026
111  43.38041869  132.13772421
111  43.38012474  132.13764971
111  43.37994939  132.13778806
111  43.37834249  132.13729072
111  43.37787058  132.13713490
111  43.37632872  132.13660197
111  43.37634379  132.13830253
111  43.37622822  132.13882100
111  43.37630861  132.13905600
111  43.37670055  132.13908365
111  43.37684627  132.13951225
111  43.37699199  132.13955371
111  43.37675583  132.14089485
111  43.37846427  132.14144099
111  43.37854467  132.14121977
111  43.37879591  132.14130964
111  43.37907731  132.14012750
111  43.38049431  132.14045933
111  43.38062998  132.13971271
111  43.38085610  132.13964358
111  43.39005157  132.14257505
111  43.39010410  132.14231366
111  43.38983959  132.14223111
112  43.38983959  132.14223111  43.38976210  132.14217294
112  43.38974329  132.14192609  43.38976267  132.14177341
111  43.38974329  132.14192609
111  43.38979530  132.14166234
112  43.38979530  132.14166234  43.38981468  132.14158479
112  43.38993097  132.14165542  43.38996796  132.14174752
111  43.38993097  132.14165542
111  43.38997190  132.14181339
112  43.38997190  132.14181339  43.39000008  132.14190791
112  43.39012166  132.14195653  43.39019563  132.14197591
111  43.39012166  132.14195653
111  43.39089191  132.14215740
112  43.39089191  132.14215740  43.39096765  132.14217194
112  43.39102940  132.14227395  43.39102059  132.14234908
112  43.39067387  132.14239841  43.39042203  132.14240568
111  43.39067387  132.14239841
112  43.39067387  132.14239841  43.39051361  132.14241780
111  43.39010410  132.14231366
111  43.39005157  132.14257505
111  43.39156419  132.14315872
112  43.39156419  132.14315872  43.39160625  132.14317526
112  43.39163348  132.14330925  43.39163348  132.14340296
112  43.39157912  132.14351543  43.39154708  132.14353748
111  43.39157912  132.14351543
111  43.39100236  132.14391777
111  43.39140318  132.14492584
111  43.39181136  132.14460395
111  43.39230270  132.14581107
111  43.39245531  132.14616866
112  43.39245531  132.14616866  43.39266176  132.14609764
112  43.39296096  132.14630892  43.39306418  132.14654419
111  43.39296096  132.14630892
111  43.39672351  132.15558227
112  43.39672351  132.15558227  43.39676867  132.15584419
112  43.39647798  132.15613846  43.39626508  132.15631603
111  43.39647798  132.15613846
111  43.39659895  132.15641848
112  43.39659895  132.15641848  43.39677313  132.15630749
112  43.39713158  132.15662593  43.39725738  132.15693668
111  43.39713158  132.15662593
112  43.39713158  132.15662593  43.39721222  132.15689229
112  43.39682506  132.15734509  43.39658314  132.15755374
111  43.39682506  132.15734509
111  43.39448851  132.15910149
111  43.39979977  132.17223343
111  43.40263881  132.17009655
112  43.40263881  132.17009655  43.40269195  132.17007010
111  43.40274433  132.17015880
111  43.40288503  132.17006889
112  43.40291907  132.16987351  43.40297673  132.16982372
111  43.40291907  132.16987351
111  43.40640631  132.16719735
111  43.40675491  132.16783450
111  43.40708580  132.16757912
111  43.40686132  132.16679638
111  43.40600621  132.16617496
112  43.40600621  132.16617496  43.40608833  132.16649200
112  43.40575924  132.16708807  43.40551288  132.16726175
111  43.40575924  132.16708807
111  43.40510587  132.16759706
112  43.40510587  132.16759706  43.40493763  132.16772388
112  43.40446873  132.16746870  43.40430049  132.16720956
111  43.40446873  132.16746870
111  43.40401075  132.16778611
112  43.40401075  132.16778611  43.40407245  132.16799738
112  43.40370910  132.16863729  43.40343221  132.16886099
111  43.40370910  132.16863729
111  43.40303258  132.16909450
112  43.40303258  132.16909450  43.40292273  132.16918977
112  43.40265871  132.16905339  43.40260153  132.16896847
111  43.40265871  132.16905339
111  43.40251822  132.16881017
111  43.40062069  132.16415133
111  43.40027706  132.16442136
111  43.40220667  132.16923200
112  43.40220667  132.16923200  43.40224398  132.16933004
112  43.40220667  132.16965386  43.40213432  132.16971610
111  43.40220667  132.16965386
112  43.40220667  132.16965386  43.40212414  132.16972077
112  43.40191800  132.16938778  43.40185921  132.16924929
111  43.40191800  132.16938778
111  43.39890033  132.16193611
112  43.39890033  132.16193611  43.39886301  132.16183170
112  43.39891799  132.16153481  43.39899634  132.16146634
111  43.39891799  132.16153481
112  43.39891799  132.16153481  43.39897893  132.16148517
112  43.39916893  132.16169715  43.39921619  132.16179813
111  43.39916893  132.16169715
111  43.40027706  132.16442136
111  43.40062069  132.16415133
111  43.39870084  132.15941618
111  43.39836066  132.15968916
111  43.39866604  132.16042270
112  43.39866604  132.16042270  43.39870787  132.16052228
112  43.39864016  132.16079042  43.39857572  132.16084488
112  43.39837774  132.16060146  43.39832686  132.16048476
111  43.39837774  132.16060146
111  43.39732403  132.15800115
112  43.39732403  132.15800115  43.39727541  132.15788134
112  43.39733395  132.15761649  43.39739501  132.15756825
112  43.39757276  132.15773422  43.39762025  132.15783847
111  43.39757276  132.15773422
111  43.39836066  132.15968916
111  43.39870084  132.15941618
111  43.39583116  132.15232954
111  43.39607134  132.15213729
111  43.39620910  132.15248926
111  43.39643313  132.15231020
111  43.39614018  132.15152182
111  43.39590159  132.15170526
111  43.39603713  132.15205498
111  43.39579497  132.15224788
111  43.39231774  132.14350324
112  43.39231774  132.14350324  43.39221960  132.14321383
112  43.39243331  132.14287854  43.39252745  132.14277932
111  43.39243331  132.14287854
111  43.39307034  132.14236275
112  43.39307034  132.14236275  43.39338480  132.14213397
112  43.39383247  132.14257715  43.39399871  132.14281144
111  43.39383247  132.14257715
111  43.39427135  132.14224241
112  43.39427135  132.14224241  43.39415919  132.14171319
112  43.39448538  132.14128120  43.39461557  132.14117095
111  43.39448538  132.14128120
111  43.39520706  132.14074858
112  43.39520706  132.14074858  43.39540535  132.14063281
112  43.39591750  132.14108587  43.39610577  132.14139734
111  43.39591750  132.14108587
111  43.39520116  132.13938073
112  43.39520116  132.13938073  43.39527126  132.13957368
112  43.39501812  132.14023272  43.39478779  132.14042842
111  43.39501812  132.14023272
111  43.39428439  132.14079428
112  43.39428439  132.14079428  43.39411414  132.14086870
112  43.39357824  132.14051691  43.39342723  132.14012367
111  43.39357824  132.14051691
111  43.39312207  132.14082935
112  43.39312207  132.14082935  43.39314410  132.14096165
112  43.39290035  132.14186231  43.39250778  132.14221787
111  43.39290035  132.14186231
111  43.39218713  132.14233900
112  43.39218713  132.14233900  43.39200326  132.14243222
112  43.39175144  132.14214885  43.39167724  132.14201124
111  43.39175144  132.14214885
111  43.39154944  132.14171376
111  43.38822755  132.13348159
112  43.38796258  132.13266064  43.38790163  132.13233485
111  43.38796258  132.13266064
112  43.38796258  132.13266064  43.38791101  132.13234130
112  43.38816108  132.13202326  43.38831345  132.13191037
111  43.38816108  132.13202326
111  43.38882877  132.13153627
112  43.38882877  132.13153627  43.38905244  132.13139329
112  43.38942285  132.13159694  43.38957607  132.13176173
111  43.38942285  132.13159694
111  43.38987460  132.13129689
112  43.38987460  132.13129689  43.38986068  132.13116145
112  43.39012291  132.13047539  43.39035673  132.13029782
111  43.39012291  132.13047539
111  43.39082540  132.12995530
112  43.39082540  132.12995530  43.39102678  132.12985772
112  43.39148111  132.13019369  43.39171140  132.13049556
113  43.39148111  132.13019369
54 12600 Knevichi Tower
53 12170 Knevichi Taxiing Ground Control
55 11950 Knevichi Krug Radar
50 12780 Knevichi ATIS
99
