I
1000 Generated by WorldEditor

1     59 1 0 ULLV Levashovo
100 45.00 1 0 0.25 1 2 1 08  60.08686250  030.17038172    0    0 2 2 1 0 26  60.08804650  030.21562372    0    0 2 8 1 0
110 1 0.25 87.0000 Taxiway
111  60.09309683  030.19777616
111  60.09304383  030.19774916
111  60.09280483  030.19965316
113  60.09285783  030.19968016
110 1 0.25 87.0000 Taxiway
112  60.09215083  030.19589016  60.09213983  030.19598316
111  60.09200383  030.19708216
111  60.09207383  030.19711616
112  60.09220383  030.19606416  60.09221483  030.19597116
112  60.09225283  030.19603216  60.09227383  030.19610416
111  60.09225283  030.19603216
111  60.09223183  030.19571716
111  60.09213483  030.19564216
114  60.09213483  030.19564216  60.09215683  030.19571416
110 1 0.25 87.0000 Taxiway
112  60.09164583  030.19430716  60.09162883  030.19443516
111  60.09134883  030.19659316
111  60.09144383  030.19664316
112  60.09171683  030.19454516  60.09173383  030.19441716
112  60.09177483  030.19446116  60.09179683  030.19453316
111  60.09177483  030.19446116
111  60.09174383  030.19411916
113  60.09164683  030.19403216
110 1 0.25 87.0000 Taxiway
112  60.08879883  030.17834316  60.08875683  030.17834616
111  60.08865383  030.17835316
111  60.08865683  030.17847916
112  60.08874083  030.17847316  60.08878283  030.17847016
112  60.08880783  030.17859516  60.08881083  030.17867916
112  60.08881683  030.17888116  60.08881983  030.17896516
112  60.08875783  030.17901116  60.08871583  030.17901416
111  60.08803983  030.17905916 102
111  60.08758483  030.17910516 102
112  60.08740583  030.17913216  60.08733383  030.17914316 102
112  60.08727683  030.17833816  60.08726283  030.17779816
111  60.08727683  030.17833816
111  60.08689683  030.17930716
111  60.08732483  030.18017416
112  60.08732483  030.18017416  60.08731083  030.17963416 102
112  60.08741183  030.17934816  60.08748383  030.17933716 102
111  60.08759283  030.17932116 102
112  60.08788483  030.17927616  60.08795683  030.17926516 102
112  60.08800083  030.17947616  60.08800583  030.17962016 102
112  60.08871483  030.19836716  60.08871983  030.19851116 102
112  60.08858783  030.19859916  60.08849783  030.19861016 102
111  60.08813283  030.19865416 102
112  60.08794483  030.19867716  60.08785483  030.19868816 102
112  60.08778883  030.19788416  60.08777483  030.19734416
111  60.08778883  030.19788416
111  60.08740883  030.19887416
111  60.08783783  030.19977316
112  60.08783783  030.19977316  60.08782383  030.19923316 102
112  60.08795183  030.19894716  60.08804183  030.19893616 102
111  60.08814083  030.19892416 102
112  60.08859783  030.19886816  60.08868783  030.19885716 102
112  60.08873983  030.19906816  60.08874483  030.19921216 102
112  60.08893183  030.20486416  60.08893683  030.20500816 102
112  60.08883083  030.20509316  60.08875883  030.20510216 102
111  60.08825783  030.20516416 102
112  60.08808683  030.20518516  60.08801483  030.20519416 102
112  60.08795783  030.20438916  60.08794383  030.20384916
111  60.08795783  030.20438916
111  60.08757783  030.20535416
111  60.08800583  030.20622516
112  60.08800583  030.20622516  60.08799183  030.20568516 102
112  60.08809283  030.20540116  60.08816483  030.20539216 102
111  60.08826383  030.20538016 102
112  60.08883783  030.20530816  60.08890983  030.20529916 102
112  60.08895383  030.20551116  60.08895883  030.20565516 102
111  60.08900783  030.20702516 102
111  60.08905983  030.20847316 102
111  60.08909483  030.20945116 102
112  60.08912483  030.21029516  60.08912983  030.21043916 102
112  60.08899583  030.21052616  60.08890483  030.21053616 102
111  60.08837583  030.21059216 102
112  60.08824783  030.21060616  60.08816283  030.21061516 102
112  60.08809983  030.20980916  60.08808583  030.20926916
111  60.08809983  030.20980916
111  60.08771983  030.21079916
111  60.08814883  030.21170316
112  60.08814883  030.21170316  60.08813483  030.21116316 102
112  60.08825583  030.21088016  60.08834083  030.21087116 102
111  60.08838383  030.21086616 102
111  60.08919483  030.21076516
111  60.08924183  030.21052616
111  60.08923383  030.21031016
111  60.08921483  030.20977616
111  60.08920683  030.20956016
111  60.08919883  030.20933916
111  60.08919083  030.20912316
111  60.08917983  030.20877916
111  60.08917183  030.20856316
111  60.08916383  030.20834416
111  60.08915583  030.20812816
111  60.08912783  030.20733416
111  60.08911983  030.20711816
111  60.08911183  030.20689916
111  60.08910383  030.20668316
112  60.08906183  030.20549616  60.08905683  030.20535216
112  60.08916183  030.20526216  60.08923383  030.20525016
111  60.08989183  030.20514116
111  60.08999983  030.20512316
111  60.09009383  030.20481116
111  60.08993083  030.20491716
111  60.08982383  030.20493516
112  60.08915283  030.20504616  60.08908183  030.20505816 102
112  60.08903883  030.20484816  60.08903383  030.20470416 102
112  60.08884683  030.19905616  60.08884183  030.19891216 102
112  60.08897483  030.19882616  60.08906483  030.19881716 102
111  60.09042583  030.19867616 102
111  60.09086483  030.19863016
111  60.09099983  030.19861616
111  60.09115083  030.19860516
111  60.09123183  030.19860016
111  60.09131283  030.19859516
111  60.09161183  030.19856516
111  60.09174683  030.19855216
111  60.09186283  030.19849616
111  60.09190383  030.19849216
111  60.09194383  030.19848816
112  60.09225683  030.19845716  60.09231683  030.19845116
112  60.09232483  030.19856616  60.09230983  030.19864516
112  60.09201183  030.20020716  60.09199683  030.20028616
112  60.09192983  030.20028416  60.09188983  030.20025716
111  60.09172683  030.20014516
111  60.09166683  030.20010416
111  60.09155183  030.20009016
111  60.09164483  030.20022316
111  60.09170483  030.20026416
112  60.09190783  030.20040216  60.09194783  030.20042916
112  60.09194583  030.20056116  60.09193083  030.20064016
111  60.09128783  030.20401616
111  60.09134783  030.20405816
111  60.09203783  030.20042616
111  60.09242883  030.19837316
112  60.09253083  030.19768316  60.09254283  030.19760216
112  60.09255383  030.19743616  60.09255683  030.19735216
112  60.09256383  030.19717916  60.09256683  030.19709516
112  60.09255183  030.19694016  60.09254083  030.19686516
112  60.09259183  030.19677616  60.09263083  030.19674216
111  60.09301283  030.19640116
111  60.09298683  030.19628616
112  60.09257283  030.19665516  60.09253383  030.19668916
112  60.09250783  030.19665716  60.09250283  030.19662416
112  60.09246683  030.19649916  60.09244483  030.19642716
111  60.09246683  030.19649916
111  60.09240983  030.19655116
112  60.09240983  030.19655116  60.09243083  030.19662316
112  60.09245383  030.19673516  60.09246183  030.19678616
111  60.09246583  030.19681116
112  60.09248683  030.19694616  60.09249883  030.19702716
112  60.09249983  030.19719316  60.09249683  030.19727716
112  60.09249183  030.19741216  60.09248883  030.19749616
112  60.09246883  030.19765916  60.09245683  030.19774016
112  60.09239683  030.19814416  60.09238483  030.19822516
112  60.09228883  030.19827416  60.09222883  030.19828016
111  60.09193983  030.19830816
111  60.09192183  030.19831016
111  60.09190283  030.19831216
111  60.09175683  030.19828016
111  60.09162183  030.19829316
111  60.09130683  030.19832516
111  60.09123983  030.19832916
111  60.09117183  030.19833316
111  60.09100183  030.19834516
111  60.09086683  030.19835916 102
111  60.09060883  030.19838616
111  60.09047383  030.19840016
111  60.09036483  030.19841216
111  60.09022983  030.19842616 102
112  60.08896583  030.19855716  60.08887583  030.19856616 102
112  60.08882283  030.19835516  60.08881783  030.19821116 102
112  60.08810683  030.17941816  60.08810183  030.17927416 102
112  60.08816183  030.17919616  60.08820383  030.17919216 102
112  60.08878283  030.17913716  60.08882483  030.17913316
112  60.08890083  030.17919316  60.08893783  030.17923416
112  60.08894083  030.17924016  60.08897783  030.17928116
112  60.08901283  030.17942416  60.08902383  030.17950516
112  60.08903083  030.17956016  60.08904183  030.17964116
112  60.08905083  030.17980816  60.08905283  030.17989216
112  60.08915283  030.18372516  60.08915483  030.18380916
112  60.08916983  030.18397416  60.08917883  030.18405616
112  60.08919283  030.18416716  60.08920183  030.18424916
112  60.08922983  030.18440716  60.08924483  030.18448516
111  60.08940283  030.18528616
112  60.09067683  030.19078916  60.09069483  030.19086516
112  60.09073683  030.19101116  60.09075883  030.19108316
111  60.09073683  030.19101116
111  60.09079283  030.19095116
112  60.09079283  030.19095116  60.09077083  030.19087916
112  60.09073283  030.19072916  60.09071483  030.19065316
111  60.08946083  030.18523616
112  60.08928983  030.18436916  60.08927483  030.18429116
112  60.08925283  030.18412916  60.08924383  030.18404716
112  60.08923183  030.18395616  60.08922283  030.18387416
112  60.08921483  030.18370716  60.08921283  030.18362316
112  60.08911283  030.17978816  60.08911083  030.17970416
112  60.08909383  030.17954016  60.08908283  030.17945916
112  60.08906583  030.17934016  60.08905483  030.17925916
112  60.08899483  030.17915616  60.08895783  030.17911516
112  60.08893883  030.17909116  60.08890183  030.17905016
112  60.08887983  030.17890316  60.08887683  030.17881916
114  60.08886583  030.17846516  60.08886283  030.17838116
110 1 0.25 87.0000 Taxiway
112  60.09154783  030.19390416  60.09151583  030.19393616
111  60.09022683  030.19521116
111  60.09025083  030.19530816
112  60.09157483  030.19399716  60.09160683  030.19396516
111  60.09164683  030.19403216
111  60.09166483  030.19384216
111  60.09156283  030.19374816
114  60.09156283  030.19374816  60.09158483  030.19382016
110 1 0.25 87.0000 Taxiway
111  60.09110283  030.20457116
111  60.09084783  030.20439616
111  60.09081883  030.20456616
111  60.09107483  030.20474216
111  60.09115983  030.20480016
111  60.09122383  030.20481716
111  60.09124283  030.20469716
113  60.09118783  030.20462916
110 1 0.25 87.0000 Closed taxiway
112  60.09177483  030.19446116  60.09179683  030.19453316
112  60.09213483  030.19564216  60.09215683  030.19571416
112  60.09215083  030.19589016  60.09213983  030.19598316
111  60.09215083  030.19589016
111  60.09220383  030.19606416
112  60.09220383  030.19606416  60.09221483  030.19597116
112  60.09225283  030.19603216  60.09227383  030.19610416
112  60.09240983  030.19655116  60.09243083  030.19662316
112  60.09245383  030.19673516  60.09246183  030.19678616
111  60.09245383  030.19673516
111  60.09250783  030.19665716
112  60.09250783  030.19665716  60.09250283  030.19662416
112  60.09246683  030.19649916  60.09244483  030.19642716
111  60.09223183  030.19571716
111  60.09174383  030.19411916
111  60.09166483  030.19384216
112  60.09079283  030.19095116  60.09077083  030.19087916
112  60.09073283  030.19072916  60.09071483  030.19065316
111  60.09073283  030.19072916
111  60.09067683  030.19078916
112  60.09067683  030.19078916  60.09069483  030.19086516
112  60.09073683  030.19101116  60.09075883  030.19108316
112  60.09156283  030.19374816  60.09158483  030.19382016
112  60.09154783  030.19390416  60.09151583  030.19393616
111  60.09154783  030.19390416
111  60.09157483  030.19399716
112  60.09157483  030.19399716  60.09160683  030.19396516
112  60.09164683  030.19403216  60.09166283  030.19408716
112  60.09164583  030.19430716  60.09162883  030.19443516
111  60.09164583  030.19430716
111  60.09171683  030.19454516
114  60.09171683  030.19454516  60.09173383  030.19441716
110 1 0.25 87.0000 Apron
111  60.08700083  030.16771116
111  60.08699283  030.16742916
111  60.08658183  030.16747516
111  60.08666483  030.17047716
111  60.08706983  030.17042916
111  60.08702983  030.16888916
111  60.08705283  030.16877416
111  60.08710983  030.16865616
111  60.08715383  030.16849016
111  60.08716983  030.16828916
111  60.08713983  030.16808016
111  60.08709383  030.16793816
113  60.08704483  030.16782216
110 2 0.25 87.0000 Apron
111  60.08708783  030.17108516
111  60.08668383  030.17112316
111  60.08659283  030.17120916
111  60.08661083  030.17213216
111  60.08661483  030.17218716
111  60.08662683  030.17223816
111  60.08671983  030.17257816
111  60.08712283  030.17253816
111  60.08720983  030.17224916
111  60.08722683  030.17216716
111  60.08722983  030.17208216
111  60.08722883  030.17179616
111  60.08721683  030.17153016
111  60.08720583  030.17142116
113  60.08718283  030.17134216
110 1 0.25 87.0000 Apron
111  60.08820083  030.21561816
111  60.08790683  030.21564816
111  60.08795283  030.21604016
113  60.08816983  030.21600316
110 2 0.25 87.0000 Apron
111  60.08821783  030.21443116
111  60.08825183  030.21561816
111  60.08839683  030.21560516
113  60.08839683  030.21549716
110 1 0.25 87.0000 Apron
111  60.09109283  030.20579716
111  60.09112283  030.20562416
111  60.09113783  030.20559216
111  60.09115683  030.20560516
111  60.09161683  030.20592816
111  60.09189683  030.20428016
111  60.09131383  030.20387916
111  60.09017483  030.21003316
111  60.09012983  030.21017916
111  60.09005083  030.21033116
111  60.08995383  030.21042116
111  60.08987083  030.21044216
111  60.08948283  030.21047016
111  60.08930983  030.20471616
111  60.08913583  030.20474116
111  60.08907283  030.20472016
111  60.08903883  030.20463816
111  60.08902383  030.20445816
111  60.08896883  030.20435916
111  60.08891683  030.20436616
111  60.08893683  030.20506016
111  60.08911783  030.21031416
111  60.08908783  030.21046316
111  60.08902383  030.21052916
111  60.08903683  030.21075816
111  60.08907683  030.21080216
111  60.09045383  030.21188116
111  60.09051983  030.21154116
111  60.09011683  030.21123116
111  60.09011283  030.21113416
111  60.09015683  030.21089016
111  60.09019183  030.21082816
111  60.09059283  030.21112516
111  60.09065483  030.21076416
111  60.09026083  030.21047316
111  60.09025183  030.21039216
111  60.09029983  030.21012316
111  60.09034383  030.21007416
111  60.09073083  030.21036316
111  60.09079383  030.21000916
111  60.09040483  030.20972116
111  60.09039583  030.20960316
111  60.09043283  030.20939216
111  60.09047983  030.20932616
111  60.09086983  030.20961416
111  60.09093983  030.20927416
111  60.09053983  030.20896316
111  60.09052983  030.20888116
111  60.09057683  030.20862016
111  60.09062283  030.20856716
111  60.09101183  030.20885216
111  60.09107783  030.20849816
111  60.09068583  030.20819416
111  60.09067883  030.20808716
111  60.09071483  030.20786716
111  60.09075583  030.20777716
111  60.09115383  030.20805416
111  60.09122983  030.20769316
111  60.09082283  030.20742016
111  60.09082183  030.20731316
111  60.09086583  030.20706916
111  60.09089983  030.20700216
111  60.09130283  030.20728516
111  60.09137183  030.20692416
111  60.09096683  030.20664116
111  60.09095483  030.20655716
111  60.09100483  030.20627316
111  60.09103283  030.20622116
111  60.09144183  030.20650216
111  60.09151083  030.20615516
113  60.09109683  030.20585316
110 1 0.25 87.0000 Apron
111  60.09070683  030.20515916
111  60.09075983  030.20505516
111  60.09080083  030.20493016
111  60.09084083  030.20475016
111  60.09086883  030.20460216
111  60.09062783  030.20444016
111  60.09027283  030.20431816
111  60.09031483  030.20405716
111  60.09008283  030.20403916
111  60.09002983  030.20433716
111  60.08998383  030.20458416
111  60.08995383  030.20473516
111  60.08991583  030.20483516
111  60.08985683  030.20491916
111  60.08986583  030.20514716
111  60.09019483  030.20510016
111  60.09027783  030.20515116
111  60.09034783  030.20519516
111  60.09043783  030.20525116
111  60.09050383  030.20527716
111  60.09056883  030.20528416
113  60.09063883  030.20524316
111  60.09027083  030.20431916
111  60.09059583  030.20454516
111  60.09064383  030.20462416
111  60.09065683  030.20471316
111  60.09065383  030.20482316
111  60.09061483  030.20491216
111  60.09058183  030.20494516
111  60.09053383  030.20495616
111  60.09045283  030.20493016
111  60.09032983  030.20486416
111  60.09023583  030.20480516
111  60.09018383  030.20472416
111  60.09015483  030.20463916
111  60.09015483  030.20452916
111  60.09017883  030.20439216
111  60.09020483  030.20432216
113  60.09027083  030.20432216
110 1 0.25 87.0000 Apron
111  60.09018783  030.20373616
111  60.09011283  030.20422216
111  60.09034783  030.20436416
111  60.09072283  030.20461616
111  60.09093783  030.20421916
111  60.09079183  030.20412016
111  60.09077683  030.20420016
111  60.09075983  030.20426316
111  60.09072783  030.20430216
111  60.09069183  030.20431116
111  60.09063983  030.20429016
111  60.09033183  030.20406716
111  60.09029783  030.20402416
111  60.09028083  030.20395816
111  60.09027883  030.20386916
113  60.09028783  030.20380816
110 1 0.25 87.0000 Apron
111  60.09083183  030.20356716
111  60.09079483  030.20357216
111  60.09048483  030.20335716
111  60.09044883  030.20330816
111  60.09042083  030.20323816
111  60.09040983  030.20317116
111  60.09042083  030.20308616
111  60.09044183  030.20297216
111  60.09034483  030.20290216
111  60.09019783  030.20369316
111  60.09029683  030.20376716
111  60.09030783  030.20372916
111  60.09032683  030.20368316
111  60.09036083  030.20363016
111  60.09039283  030.20360816
111  60.09042983  030.20360816
111  60.09075183  030.20382616
111  60.09079083  030.20389416
111  60.09080483  030.20397316
111  60.09079883  030.20407216
111  60.09088183  030.20415716
111  60.09100283  030.20355516
111  60.09091583  030.20344116
111  60.09090183  030.20348516
113  60.09087183  030.20354316
110 1 0.25 87.0000 Apron
111  60.09106983  030.20230316
111  60.09102283  030.20230316
111  60.09070383  030.20207216
111  60.09066983  030.20202116
111  60.09065383  030.20196516
111  60.09064883  030.20189816
111  60.09065183  030.20182216
111  60.09058483  030.20177416
111  60.09047883  030.20239716
111  60.09053483  030.20245416
111  60.09055383  030.20240516
111  60.09059083  030.20234416
111  60.09062183  030.20232816
111  60.09066883  030.20233616
111  60.09096783  030.20255316
111  60.09100283  030.20260216
111  60.09103283  030.20267716
111  60.09103283  030.20279516
111  60.09107083  030.20283216
111  60.09118383  030.20225516
111  60.09114383  030.20217216
111  60.09112483  030.20222016
113  60.09110083  030.20227116
110 1 0.25 87.0000 Apron
111  60.09119283  030.20153416
111  60.09114283  030.20154016
111  60.09107383  030.20150816
111  60.09089083  030.20137716
111  60.09084583  030.20131516
111  60.09081583  030.20125016
111  60.09079883  030.20119916
111  60.09079483  030.20113216
111  60.09079483  030.20107116
111  60.09079883  030.20103016
111  60.09073983  030.20100116
111  60.09061383  030.20169616
111  60.09066483  030.20175516
111  60.09068883  030.20170416
111  60.09073183  030.20165316
111  60.09076483  030.20162916
111  60.09079483  030.20161516
111  60.09081983  030.20161816
111  60.09110383  030.20181716
111  60.09114683  030.20187116
111  60.09115983  030.20191616
111  60.09117083  030.20197816
111  60.09116683  030.20203516
111  60.09119983  030.20204016
111  60.09131283  030.20146516
111  60.09127983  030.20141716
111  60.09126083  030.20146116
113  60.09122883  030.20150716
110 1 0.25 87.0000 Apron
111  60.09129883  030.20084616
111  60.09125383  030.20082916
111  60.09121783  030.20080316
111  60.09099983  030.20064116
111  60.09097483  030.20060016
111  60.09094883  030.20052516
111  60.09093583  030.20046216
111  60.09093083  030.20039216
111  60.09092583  030.20035116
111  60.09092683  030.20032216
111  60.09088283  030.20033616
111  60.09086183  030.20035116
111  60.09075483  030.20098916
111  60.09079883  030.20102816
111  60.09082983  030.20096216
111  60.09086683  030.20092316
111  60.09093083  030.20090916
111  60.09096583  030.20091116
111  60.09115983  030.20105216
111  60.09120083  030.20109316
111  60.09125883  030.20114816
111  60.09128083  030.20121416
111  60.09129683  030.20128116
111  60.09129083  030.20135916
111  60.09131483  030.20138716
111  60.09143083  030.20069916
111  60.09141083  030.20068916
111  60.09137783  030.20078616
113  60.09134483  030.20082916
110 1 0.25 87.0000 Apron
111  60.09145183  030.20010916
111  60.09140383  030.20010216
111  60.09114583  030.19992516
111  60.09109083  030.19983116
111  60.09107083  030.19973316
111  60.09106583  030.19964716
111  60.09106383  030.19955316
111  60.09100783  030.19955116
111  60.09087083  030.20025516
111  60.09092683  030.20033416
111  60.09093483  030.20029416
111  60.09095983  030.20023816
111  60.09101483  030.20018916
111  60.09106083  030.20017816
111  60.09110383  030.20019516
111  60.09136583  030.20037016
111  60.09140883  030.20043016
111  60.09142683  030.20052316
111  60.09142683  030.20059616
111  60.09147183  030.20063616
111  60.09157983  030.20000316
111  60.09153783  030.19998316
113  60.09150683  030.20006216
110 1 0.25 87.0000 Apron
111  60.09120383  030.19888516
111  60.09120383  030.19880316
111  60.09122083  030.19867816
111  60.09124283  030.19859716
111  60.09081583  030.19861216
111  60.09098883  030.19910216
111  60.09108983  030.19941516
111  60.09109383  030.19940416
111  60.09111383  030.19934116
111  60.09114683  030.19928616
111  60.09119783  030.19924916
111  60.09124983  030.19926816
111  60.09153483  030.19947716
111  60.09157183  030.19953616
111  60.09158483  030.19962516
111  60.09158483  030.19971316
111  60.09160283  030.19972816
111  60.09172083  030.19907616
111  60.09170383  030.19906116
111  60.09168083  030.19919416
111  60.09165683  030.19923816
111  60.09161083  030.19924216
111  60.09127183  030.19898716
113  60.09122183  030.19895816
110 1 0.25 87.0000 Apron
111  60.09179683  030.19951716
111  60.09201683  030.19839416
111  60.09167083  030.19855016
111  60.09169183  030.19856316
111  60.09173283  030.19860616
111  60.09174183  030.19870016
111  60.09170483  030.19905816
111  60.09071983  030.20450916
113  60.09086983  030.20462116
110 1 0.25 87.0000 Apron
111  60.09114983  030.19907616
111  60.09097283  030.19905516
111  60.09096683  030.19919416
111  60.08997983  030.20458716
111  60.09013583  030.20465716
113  60.09112583  030.19922216
110 1 0.25 87.0000 Apron
111  60.09181783  030.19757716
111  60.09142983  030.19734216
111  60.09142583  030.19727916
111  60.09144483  030.19712516
111  60.09128283  030.19702516
111  60.09111383  030.19803816
111  60.09106383  030.19816716
111  60.09101783  030.19824416
111  60.09096983  030.19830316
111  60.09091283  030.19835116
111  60.09087583  030.19838416
111  60.09127283  030.19833416
111  60.09128083  030.19812616
111  60.09133283  030.19766216
111  60.09135983  030.19761416
111  60.09139183  030.19761116
111  60.09176383  030.19783216
111  60.09179783  030.19788016
111  60.09180983  030.19793316
111  60.09181383  030.19799116
111  60.09180483  030.19806916
111  60.09178083  030.19821416
111  60.09175683  030.19825516
111  60.09171483  030.19828616
111  60.09183483  030.19830716
111  60.09197683  030.19741916
111  60.09189183  030.19736816
111  60.09186383  030.19753416
113  60.09184783  030.19757016
110 1 0.25 87.0000 Apron
111  60.09201883  030.19834816
111  60.09209283  030.19696516
111  60.09203383  030.19695116
111  60.09135483  030.19655016
111  60.09127883  030.19703616
111  60.09195783  030.19741616
113  60.09181983  030.19832916
110 1 0.25 87.0000 Apron
111  60.09009583  030.20716616
111  60.09006683  030.20655016
111  60.08972083  030.20659916
111  60.08969683  030.20663616
111  60.08967083  030.20671616
111  60.08963583  030.20678216
111  60.08960983  030.20681216
111  60.08943183  030.20684216
111  60.08936783  030.20676516
111  60.08938083  030.20718616
111  60.08943583  030.20708416
111  60.08959483  030.20704716
111  60.08962583  030.20705416
111  60.08965783  030.20708416
111  60.08970183  030.20717016
113  60.08974183  030.20721916
110 2 0.25 87.0000 Apron
111  60.08962083  030.20848516
111  60.08962783  030.20863316
111  60.08998583  030.20859016
111  60.08996983  030.20805016
111  60.08961183  030.20809316
111  60.08961583  030.20824416
111  60.08941583  030.20827716
113  60.08942283  030.20851716
110 1 0.25 87.0000 Apron
111  60.09186083  030.20328516
111  60.09171783  030.20318116
111  60.09171483  030.20318516
111  60.09171083  030.20322416
111  60.09163083  030.20320016
111  60.09151483  030.20313316
111  60.09149283  030.20326116
111  60.09161683  030.20339016
111  60.09166283  030.20348816
113  60.09180583  030.20358716
110 1 0.25 87.0000 Apron
111  60.09183383  030.20254516
111  60.09165583  030.20241116
111  60.09162983  030.20253916
111  60.09181283  030.20266616
111  60.09179783  030.20275416
111  60.09193983  030.20286216
111  60.09199483  030.20255616
113  60.09185283  030.20244616
110 1 0.25 87.0000 Apron
111  60.09198883  030.20166816
111  60.09182183  030.20153916
111  60.09179683  030.20165516
111  60.09196783  030.20178116
111  60.09194983  030.20187216
111  60.09209583  030.20198116
111  60.09214983  030.20167916
113  60.09200783  030.20157416
110 1 0.25 87.0000 Apron
111  60.09215183  030.20078216
111  60.09198683  030.20066616
111  60.09196683  030.20078216
111  60.09213183  030.20089616
111  60.09211283  030.20099016
111  60.09225683  030.20109716
111  60.09231183  030.20079416
113  60.09216783  030.20068516
110 1 0.25 87.0000 Apron
111  60.09232083  030.19982316
111  60.09215983  030.19970316
111  60.09213683  030.19983016
111  60.09230183  030.19994316
111  60.09228483  030.20004116
111  60.09242683  030.20014316
111  60.09248283  030.19983616
113  60.09233983  030.19972816
110 1 0.25 87.0000 Apron
111  60.09245483  030.19910016
111  60.09229883  030.19897716
111  60.09227483  030.19910616
111  60.09243483  030.19922416
111  60.09241783  030.19932116
111  60.09256083  030.19942516
111  60.09261483  030.19912516
113  60.09246983  030.19901416
110 1 0.25 87.0000 Apron
111  60.09256583  030.19834416
111  60.09242983  030.19826016
111  60.09240783  030.19837616
111  60.09254383  030.19846216
111  60.09255383  030.19847816
111  60.09253783  030.19856316
111  60.09267983  030.19866616
111  60.09273483  030.19836416
111  60.09259283  030.19825816
113  60.09257583  030.19834916
110 1 0.25 87.0000 Apron
111  60.09271383  030.19762816
111  60.09254883  030.19752616
111  60.09252783  030.19764816
111  60.09269183  030.19774716
111  60.09267283  030.19784516
111  60.09281683  030.19794916
111  60.09287183  030.19764316
113  60.09272883  030.19753816
110 1 0.25 87.0000 Apron
111  60.09323083  030.19589916
111  60.09292983  030.19604616
111  60.09309383  030.19720916
111  60.09302183  030.19791716
111  60.09333683  030.19801916
111  60.09337483  030.19759416
111  60.09338783  030.19712316
111  60.09342283  030.19698816
111  60.09343883  030.19680816
111  60.09342883  030.19653416
111  60.09331283  030.19609116
113  60.09326983  030.19610816
110 1 0.25 87.0000 Apron
111  60.09023783  030.19519416
111  60.09002883  030.19519916
111  60.09004483  030.19610816
111  60.09028783  030.19609516
111  60.09027583  030.19529416
111  60.09029183  030.19523616
113  60.09027583  030.19516216
110 1 0.25 87.0000 Apron
111  60.09046183  030.19787816
111  60.09046883  030.19780116
111  60.09050183  030.19774916
111  60.09053483  030.19770516
111  60.09051983  030.19719316
111  60.09028983  030.19722216
111  60.09030283  030.19773516
111  60.09031783  030.19779716
111  60.09033983  030.19787816
111  60.09035283  030.19833216
111  60.09035283  030.19837916
111  60.09033983  030.19842016
111  60.09047983  030.19840516
111  60.09052183  030.19840116
111  60.09051083  030.19837616
111  60.09048483  030.19832716
113  60.09047283  030.19825416
110 2 0.25 87.0000 Apron
111  60.08933383  030.19977916
111  60.08944283  030.19976116
111  60.08943183  030.19954216
111  60.08940383  030.19954816
111  60.08936783  030.19878016
111  60.08929383  030.19879016
111  60.08933283  030.19956116
113  60.08932283  030.19956516
110 1 0.25 87.0000 Apron
111  60.09206283  030.19667816
111  60.09210083  030.19633716
111  60.09182583  030.19624616
113  60.09178883  030.19656716
110 1 0.25 87.0000 Apron
111  60.09149183  030.19620916
111  60.09144083  030.19663516
111  60.09151083  030.19667116
113  60.09156183  030.19624516
110 1 0.25 87.0000 Apron
111  60.08941983  030.18508116
111  60.09042283  030.18436816
111  60.08990983  030.18130616
111  60.08981883  030.18033616
111  60.08910683  030.18044116
111  60.08919783  030.18368416
113  60.08922583  030.18407316
110 1 0.25 87.0000 Apron
111  60.08902283  030.18474216
111  60.08906283  030.18456716
111  60.08924183  030.18444916
111  60.08923483  030.18441116
111  60.08922983  030.18435816
111  60.08917983  030.18404116
111  60.08916783  030.18383416
111  60.08906983  030.18387916
111  60.08908483  030.18405916
111  60.08904883  030.18420416
111  60.08886183  030.18432516
111  60.08882983  030.18451916
111  60.08897783  030.18547216
111  60.08904983  030.18552316
111  60.08933383  030.18529016
111  60.08938183  030.18531116
111  60.08943483  030.18539316
111  60.08939983  030.18523616
111  60.08936583  030.18506116
111  60.08923483  030.18516916
111  60.08915983  030.18519016
111  60.08910983  030.18516316
111  60.08907083  030.18512016
111  60.08905683  030.18504516
113  60.08902683  030.18485216
110 1 0.25 87.0000 Apron
111  60.08881483  030.18292016
111  60.08888083  030.18294416
111  60.08904183  030.18296416
111  60.08910583  030.18301516
111  60.08914283  030.18314716
111  60.08912283  030.18237716
111  60.08912483  030.18237416
111  60.08911783  030.18210316
111  60.08905483  030.18221016
111  60.08896483  030.18228816
111  60.08881383  030.18236516
111  60.08878083  030.18250916
113  60.08878683  030.18280716
111  60.08885383  030.18268816
111  60.08885383  030.18251116
111  60.08887083  030.18248816
111  60.08890783  030.18248216
111  60.08902583  030.18247016
111  60.08902683  030.18246916
111  60.08903583  030.18276816
111  60.08889583  030.18278316
113  60.08887183  030.18276516
110 1 0.25 87.0000 Apron
111  60.08808683  030.17657316
111  60.08808683  030.17753316
111  60.08801783  030.17754016
111  60.08798783  030.17910516
111  60.08842983  030.17908016
111  60.08842683  030.17893916
111  60.08870983  030.17890716
113  60.08866983  030.17651616
110 1 0.25 87.0000 Apron
111  60.08895683  030.17849916
111  60.08894283  030.17762816
111  60.08877883  030.17765216
113  60.08878883  030.17851616
130 Airport Boundary 1
111  60.08600710  030.16834699
111  60.08726033  030.21775962
111  60.08854836  030.21706170
111  60.09067188  030.21371169
111  60.09383975  030.19668248
111  60.09206435  030.18746996
111  60.09070669  030.18104911
111  60.08920979  030.17588451
111  60.08771288  030.17420951
111  60.08760845  030.16681157
113  60.08628560  030.16688137
120 Centreline for Taxi
111  60.09297083  030.19636916 51
112  60.09255383  030.19674116  60.09251483  030.19677516 51
112  60.09251383  030.19691316  60.09252683  030.19699316 51
112  60.09251883  030.19693916  60.09253083  030.19702016 51
112  60.09253183  030.19718616  60.09252883  030.19727016 51
112  60.09252283  030.19742416  60.09251983  030.19750816 51
112  60.09249983  030.19767116  60.09248783  030.19775216 51
112  60.09241683  030.19823216  60.09240483  030.19831316 51
116  60.09230883  030.19836216  60.09224883  030.19836816
120 Centreline for Taxi
111  60.09306383  030.19781516 51
115  60.09283783  030.19961416
120 Centreline for Path
111  60.09147383  030.20552016 51
112  60.09152583  030.20521316  60.09154883  030.20507416 51
116  60.09150183  030.20496016  60.09146283  030.20493116
120 Centreline for Taxi MRD
112  60.08793483  030.17916016  60.08800683  030.17914916 51
112  60.08805083  030.17936016  60.08805683  030.17950316 51
112  60.08877383  030.19849516  60.08877883  030.19863916 51
112  60.08878883  030.19892716  60.08879383  030.19907116 51
112  60.08898883  030.20496516  60.08899383  030.20510916 51
112  60.08900383  030.20539716  60.08900883  030.20554116 51
112  60.08905383  030.20680116  60.08905883  030.20694516 51
112  60.08906983  030.20723316  60.08907483  030.20737716 51
112  60.08910583  030.20824916  60.08911083  030.20839316 51
112  60.08912183  030.20868116  60.08912683  030.20882516 51
112  60.08914083  030.20922716  60.08914583  030.20937116 51
112  60.08915683  030.20965916  60.08916183  030.20980316 51
112  60.08918383  030.21042616  60.08918883  030.21057016 51
116  60.08928283  030.21063116  60.08934383  030.21062516
120 Centreline for Path
112  60.08905483  030.21065716  60.08914583  030.21064716 51
112  60.08928283  030.21063116  60.08934383  030.21062516 51
112  60.08948483  030.21061716  60.08955783  030.21061516 51
112  60.09002483  030.21059916  60.09009783  030.21059616 51
116  60.09017283  030.21038916  60.09019883  030.21025216
120 Centreline for Taxi 1
112  60.08790083  030.20996816  60.08791483  030.21050816 51
112  60.08805883  030.21076316  60.08814983  030.21075416 51
112  60.08824283  030.21074416  60.08833383  030.21073416 51
112  60.08851683  030.21071416  60.08860783  030.21070516 51
112  60.08905483  030.21065716  60.08914583  030.21064716 51
116  60.08918383  030.21042616  60.08917883  030.21028216
120 Centreline for Taxi 2
112  60.08898883  030.20496516  60.08899383  030.20510916 51
112  60.08888783  030.20519416  60.08881683  030.20520316 51
112  60.08836883  030.20525916  60.08829683  030.20526816 51
112  60.08815283  030.20528616  60.08808183  030.20529516 51
112  60.08788783  030.20531916  60.08781583  030.20532816 51
116  60.08780083  030.20614316  60.08781483  030.20668316
120 Centreline for Taxi 3
112  60.08763183  030.19966316  60.08761783  030.19912316 51
112  60.08774583  030.19883716  60.08783483  030.19882616 51
112  60.08800183  030.19880516  60.08809183  030.19879416 51
112  60.08827183  030.19877316  60.08836083  030.19876216 51
112  60.08864683  030.19872716  60.08873683  030.19871616 51
112  60.08891683  030.19869716  60.08900583  030.19868816 51
112  60.09028783  030.19855516  60.09037783  030.19854616 51
112  60.09055783  030.19852716  60.09064683  030.19851816 51
112  60.09090283  030.19849116  60.09099283  030.19848216 51
116  60.09110983  030.19827516  60.09115683  030.19814016
120 Centreline for Taxi 4
112  60.08810583  030.17913816  60.08806383  030.17914216 51
112  60.08793483  030.17916016  60.08786383  030.17917116 51
112  60.08769683  030.17919716  60.08762483  030.17920816 51
112  60.08748083  030.17922916  60.08740983  030.17924016 51
112  60.08720683  030.17927016  60.08713483  030.17928116 51
116  60.08711983  030.18009616  60.08713383  030.18063616
120 Centreline for Taxi
112  60.08898883  030.20496516  60.08899383  030.20510916 51
112  60.08910383  030.20516316  60.08917483  030.20515116 51
112  60.08987683  030.20503516  60.08994883  030.20502316 51
116  60.09006183  030.20495516  60.09011183  030.20491516
120 Centreline for Path
112  60.09077283  030.20469616  60.09075583  030.20478716 51
112  60.09070283  030.20495316  60.09067283  030.20503416 51
112  60.09057983  030.20510616  60.09052783  030.20512716 51
112  60.09039783  030.20506816  60.09032883  030.20502116 51
112  60.09024183  030.20496316  60.09017283  030.20491716 51
112  60.09006183  030.20495516  60.09001083  030.20499716 51
112  60.09003083  030.20476316  60.09006183  030.20459416 51
112  60.09005883  030.20461116  60.09008983  030.20444216 51
116  60.09012783  030.20422916  60.09014283  030.20414416
120 Centreline for Path
112  60.09180083  030.19851316  60.09182483  030.19857816 51
112  60.09182683  030.19878116  60.09182083  030.19889516 51
112  60.09177983  030.19915816  60.09175483  030.19929616 51
112  60.09175983  030.19927416  60.09173483  030.19941116 51
116  60.09164083  030.19941416  60.09158583  030.19936916
120 Centreline for Taxi 3
112  60.09185383  030.19840616  60.09191183  030.19840116 51
112  60.09203183  030.19838916  60.09209183  030.19838316 51
112  60.09230883  030.19836216  60.09236883  030.19835616 51
116  60.09237683  030.19847116  60.09236183  030.19855016
120 Centreline for Taxi 3
112  60.09117483  030.19846816  60.09126483  030.19846316 51
112  60.09144483  030.19844716  60.09153383  030.19843816 51
112  60.09162983  030.19842816  60.09171983  030.19841916 51
116  60.09180083  030.19851316  60.09182483  030.19857816
120 Centreline for Path
112  60.09181283  030.19832716  60.09184483  030.19826816 51
112  60.09188883  030.19802716  60.09190783  030.19788516 51
112  60.09189083  030.19801016  60.09190983  030.19786916 51
112  60.09178983  030.19772016  60.09170383  030.19766816 51
112  60.09174783  030.19769516  60.09166183  030.19764316 51
112  60.09148983  030.19753516  60.09140483  030.19748116 51
112  60.09141883  030.19749016  60.09133283  030.19743516 51
116  60.09133183  030.19715116  60.09135983  030.19698016
120 Centreline for Path
112  60.09071683  030.20450516  60.09066383  030.20446816 51
112  60.09055983  030.20439416  60.09050783  030.20435716 51
112  60.09037883  030.20426416  60.09030983  030.20421516 51
112  60.09037283  030.20426116  60.09030383  030.20421216 51
116  60.09021083  030.20414416  60.09017083  030.20411616
120 Centreline for Path
112  60.09090883  030.20395316  60.09089183  030.20404616 51
112  60.09084483  030.20429816  60.09081983  030.20443616 51
112  60.09083483  030.20435416  60.09080983  030.20449116 51
116  60.09077283  030.20469616  60.09075583  030.20478716
120 Centreline for Path
112  60.09086683  030.20376516  60.09082183  030.20373316 51
112  60.09070983  030.20365616  60.09064983  030.20361516 51
112  60.09051783  030.20352216  60.09044983  030.20347416 51
116  60.09035183  030.20340616  60.09030883  030.20337716
120 Centreline for Path
112  60.09025983  030.20351416  60.09024083  030.20361516 51
112  60.09019183  030.20388416  60.09016483  030.20402916 51
116  60.09021083  030.20414416  60.09024983  030.20417316
120 Centreline for Path
112  60.09112383  030.20276716  60.09109983  030.20289916 51
112  60.09105083  030.20317116  60.09102583  030.20330916 51
112  60.09097083  030.20360716  60.09094583  030.20374416 51
116  60.09090883  030.20395316  60.09089183  030.20404616
120 Centreline for Path
112  60.09048283  030.20229816  60.09045883  030.20242816 51
112  60.09040083  030.20274716  60.09036983  030.20291616 51
112  60.09033383  030.20310816  60.09030283  030.20327716 51
116  60.09035183  030.20340616  60.09039483  030.20343516
120 Centreline for Path
112  60.09062983  030.20149316  60.09060983  030.20160716 51
112  60.09055883  030.20188316  60.09053183  030.20203016 51
116  60.09048283  030.20229816  60.09045883  030.20242816
120 Centreline for Path
112  60.09126283  030.20200716  60.09124083  030.20212616 51
112  60.09119483  030.20237716  60.09117183  030.20250416 51
116  60.09112383  030.20276716  60.09109983  030.20289916
120 Centreline for Path
112  60.09109883  030.20252416  60.09105783  030.20249516 51
112  60.09093683  030.20240816  60.09086983  030.20236116 51
112  60.09074183  030.20226916  60.09067883  030.20222316 51
116  60.09058283  030.20215216  60.09054083  030.20211916
120 Centreline for Path
112  60.09123783  030.20178516  60.09119983  030.20175516 51
112  60.09108383  030.20166116  60.09101883  030.20160816 51
112  60.09089283  030.20150616  60.09082983  030.20145516 51
116  60.09072983  030.20137516  60.09068483  030.20133916
120 Centreline for Path
112  60.09139683  030.20127116  60.09137883  030.20136716 51
112  60.09133283  030.20162216  60.09130783  030.20176016 51
112  60.09133183  030.20162316  60.09130683  030.20176016 51
116  60.09126283  030.20200716  60.09124083  030.20212616
120 Centreline for Path
112  60.09076283  030.20076916  60.09074583  030.20086116 51
112  60.09069983  030.20111416  60.09067483  030.20125216 51
116  60.09062983  030.20149316  60.09060983  030.20160716
120 Centreline for Path
112  60.09085583  030.20068016  60.09090083  030.20071416 51
112  60.09101783  030.20080516  60.09108083  030.20085416 51
112  60.09119683  030.20094816  60.09125283  030.20099416 51
116  60.09135183  030.20107116  60.09139883  030.20110716
120 Centreline for Path
112  60.09153383  030.20051116  60.09151983  030.20059116 51
112  60.09147483  030.20083616  60.09144983  030.20097416 51
112  60.09146083  030.20091916  60.09143583  030.20105616 51
116  60.09139683  030.20127116  60.09137883  030.20136716
120 Centreline for Path
112  60.09089783  030.20003816  60.09087883  030.20013816 51
112  60.09082983  030.20040916  60.09080183  030.20055716 51
116  60.09076283  030.20076916  60.09074583  030.20086116
120 Centreline for Path
112  60.09099383  030.19994416  60.09103983  030.19997916 51
112  60.09115183  030.20006916  60.09121183  030.20011816 51
112  60.09133083  030.20021416  60.09138883  030.20026216 51
116  60.09148783  030.20033916  60.09153283  030.20037516
120 Centreline for Path
112  60.09106383  030.19911916  60.09104383  030.19922516 51
112  60.09098883  030.19953216  60.09095883  030.19970216 51
112  60.09097083  030.19963616  60.09093983  030.19980516 51
116  60.09089783  030.20003816  60.09087883  030.20013816
120 Centreline for Path
112  60.09116083  030.19901916  60.09120683  030.19905816 51
112  60.09131383  030.19914716  60.09137083  030.19919316 51
112  60.09147883  030.19928116  60.09153183  030.19932516 51
116  60.09164083  030.19941416  60.09169483  030.19945816
120 Centreline for Path
112  60.09107083  030.19859516  60.09109283  030.19867316 51
112  60.09109783  030.19883616  60.09109383  030.19891916 51
116  60.09106383  030.19911916  60.09104383  030.19922516
120 Centreline for Path
112  60.09134683  030.19705916  60.09137483  030.19688816 51
112  60.09151783  030.19687816  60.09160483  030.19692816 51
112  60.09158783  030.19691816  60.09167383  030.19696916 51
112  60.09184483  030.19707916  60.09192983  030.19713616 51
112  60.09186283  030.19709216  60.09194783  030.19714916 51
112  60.09197183  030.19734716  60.09195883  030.19746016 51
112  60.09193583  030.19765716  60.09192483  030.19775116 51
116  60.09189083  030.19801016  60.09187183  030.19815216
120 Centreline for Path
112  60.09126783  030.19754516  60.09125183  030.19763616 51
112  60.09121283  030.19787716  60.09119183  030.19800816 51
116  60.09110983  030.19827516  60.09106183  030.19841016
120 Centreline for Path
112  60.09169683  030.19961516  60.09168083  030.19970516 51
112  60.09163883  030.19993916  60.09161483  030.20006516 51
112  60.09157983  030.20026116  60.09156383  030.20034916 51
116  60.09153383  030.20051116  60.09151983  030.20059116
120 Centreline for Taxi
112  60.09251383  030.19691316  60.09250183  030.19683216 51
112  60.09248383  030.19671216  60.09247483  030.19666016 51
116  60.09243783  030.19652516  60.09241683  030.19645316
120 Centreline for Path
112  60.08957683  030.21099316  60.08950883  030.21094016 51
112  60.08942483  030.21076716  60.08939183  030.21067016 51
116  60.08928283  030.21063116  60.08922283  030.21063916
120 Centreline for Taxi join
112  60.08888783  030.20519416  60.08895983  030.20518516 51
116  60.08910383  030.20516316  60.08917483  030.20515116
120 Centreline for Taxi join
112  60.08888783  030.20519416  60.08895983  030.20518516 51
116  60.08900383  030.20539716  60.08900883  030.20554116
120 Centreline for Taxi join
112  60.08910383  030.20516316  60.08903183  030.20517516 51
116  60.08900383  030.20539716  60.08900883  030.20554116
120 Centreline for Taxi 1
112  60.08794283  030.21158816  60.08792883  030.21104816 51
116  60.08805883  030.21076316  60.08814983  030.21075416
120 Centreline for Taxi 2
112  60.08775883  030.20452316  60.08777283  030.20506316 51
116  60.08788783  030.20531916  60.08795883  030.20531016
120 Centreline for Taxi join
112  60.08877383  030.19849516  60.08877883  030.19863916 51
116  60.08864683  030.19872716  60.08855783  030.19873816
120 Centreline for Taxi join
112  60.08877383  030.19849516  60.08877883  030.19863916 51
116  60.08891683  030.19869716  60.08900583  030.19868816
120 Centreline for Taxi join
112  60.08878883  030.19892716  60.08878383  030.19878316 51
116  60.08864683  030.19872716  60.08855783  030.19873816
120 Centreline for Taxi join
112  60.08878883  030.19892716  60.08878383  030.19878316 51
116  60.08891683  030.19869716  60.08900583  030.19868816
120 Centreline for Taxi join
112  60.08805083  030.17936016  60.08804583  030.17921616 51
116  60.08810583  030.17913816  60.08814783  030.17913416
120 Centreline for Taxi 3
112  60.08758983  030.19804316  60.08760383  030.19858316 51
116  60.08774583  030.19883716  60.08783483  030.19882616
120 Centreline for Taxi 4
112  60.08707783  030.17847616  60.08709183  030.17901616 51
116  60.08720683  030.17927016  60.08727783  030.17925916
120 Centreline for Path
112  60.09002483  030.21059916  60.09009783  030.21059616 51
116  60.09023783  030.21066816  60.09030683  030.21071716
120 Centreline for Path
112  60.08948483  030.21061716  60.08941183  030.21062016 51
116  60.08942483  030.21076716  60.08945783  030.21086416
120 Centreline for Taxi
112  60.09237683  030.19847116  60.09239183  030.19839216 51
116  60.09241683  030.19823216  60.09242883  030.19815116
120 Centreline for Taxi join
112  60.08987683  030.20503516  60.08994883  030.20502316 51
116  60.09003083  030.20476316  60.09006183  030.20459416
120 Centreline for Path
112  60.09116083  030.19901916  60.09111483  030.19898016 51
116  60.09109783  030.19883616  60.09110183  030.19875316
120 Centreline for Taxi 3
112  60.09117283  030.19846916  60.09108283  030.19847416 51
116  60.09090283  030.19849116  60.09081383  030.19850016
120 Centreline for Taxi join
112  60.09107083  030.19859516  60.09104883  030.19851616 51
116  60.09090283  030.19849116  60.09081383  030.19850016
120 Centreline for Taxi 3
112  60.09185383  030.19840616  60.09179383  030.19841216 51
116  60.09162983  030.19842816  60.09154083  030.19843716
120 Centreline for Taxi join
112  60.09162983  030.19842816  60.09171983  030.19841916 51
116  60.09181283  030.19832716  60.09184483  030.19826816
120 Centreline for Path
112  60.09012783  030.20422916  60.09014283  030.20414416 51
116  60.09019183  030.20388416  60.09021883  030.20373916
120 Centreline for Path
112  60.09071683  030.20450516  60.09076983  030.20454116 51
116  60.09083483  030.20435416  60.09085983  030.20421616
120 Centreline for Path
112  60.09025983  030.20351416  60.09027883  030.20341316 51
116  60.09033383  030.20310816  60.09036483  030.20293916
120 Centreline for Path
112  60.09086683  030.20376516  60.09091183  030.20379716 51
116  60.09097083  030.20360716  60.09099583  030.20346916
120 Centreline for Path
112  60.09178983  030.19772016  60.09187583  030.19777216 51
116  60.09193583  030.19765716  60.09194683  030.19756316
120 Centreline for Path
112  60.09119483  030.20237716  60.09117183  030.20250416 51
116  60.09109883  030.20252416  60.09105783  030.20249516
120 Centreline for Path
112  60.09123783  030.20178516  60.09127583  030.20181416 51
116  60.09133183  030.20162316  60.09135683  030.20148516
120 Centreline for Path
112  60.09055883  030.20188316  60.09053183  030.20203016 51
116  60.09058283  030.20215216  60.09062683  030.20218416
120 Centreline for Path
112  60.09072983  030.20137516  60.09068483  030.20133916 51
116  60.09069983  030.20111416  60.09072483  030.20097616
120 Centreline for Path
112  60.09135183  030.20107116  60.09139883  030.20110716 51
116  60.09146083  030.20091916  60.09148583  030.20078116
120 Centreline for Path
112  60.09085583  030.20068016  60.09081083  030.20064816 51
116  60.09082983  030.20040916  60.09085583  030.20026116
120 Centreline for Path
112  60.09148783  030.20033916  60.09153283  030.20037516 51
116  60.09157983  030.20026116  60.09159583  030.20017216
120 Centreline for Path
112  60.09099383  030.19994416  60.09094783  030.19990816 51
116  60.09097083  030.19963616  60.09100083  030.19946616
120 Centreline for Path
112  60.09175983  030.19927416  60.09173483  030.19941116 51
116  60.09169683  030.19961516  60.09168083  030.19970516
120 Centreline for Path
112  60.09141883  030.19749016  60.09133283  030.19743516 51
116  60.09126783  030.19754516  60.09125183  030.19763616
120 Centreline for Taxi join
112  60.08915683  030.20965916  60.08915183  030.20951516 51
116  60.08925783  030.20945716  60.08933083  030.20946616
120 Centreline for Taxi join
112  60.08925783  030.20945716  60.08918483  030.20944816 51
116  60.08914083  030.20922716  60.08913583  030.20908316
120 Centreline for Taxi join
112  60.08912183  030.20868116  60.08911683  030.20853716 51
116  60.08922283  030.20844216  60.08929583  030.20842716
120 Centreline for Taxi join
112  60.08922283  030.20844216  60.08914983  030.20845716 51
116  60.08910583  030.20824916  60.08910083  030.20810516
120 Centreline for Taxi join
112  60.08906983  030.20723316  60.08906483  030.20708916 51
116  60.08917083  030.20700016  60.08924383  030.20698916
120 Centreline for Taxi join
112  60.08905383  030.20680116  60.08905883  030.20694516 51
116  60.08917083  030.20700016  60.08924383  030.20698916
120 Centreline for Taxi join
112  60.09163883  030.19993916  60.09161483  030.20006516 51
116  60.09166383  030.20016916  60.09170283  030.20019616
120 Centreline for Taxi join
112  60.09157983  030.20026116  60.09159583  030.20017216 51
116  60.09166383  030.20016916  60.09170283  030.20019616
120 Centreline for Taxi
112  60.09248383  030.19671216  60.09249183  030.19676516 51
116  60.09255383  030.19674116  60.09259183  030.19670716
120 Centreline for Taxi join
112  60.09055783  030.19852716  60.09046783  030.19853616 51
116  60.09041683  030.19832216  60.09041283  030.19817516
120 Centreline for Taxi join
112  60.09028783  030.19855516  60.09037783  030.19854616 51
116  60.09041683  030.19832216  60.09041283  030.19817516
120 Taxi 1 hold short
111  60.08837683  030.21060116 54
115  60.08838283  030.21085716
120 Taxi 2 hold short
111  60.08825783  030.20517316 54
115  60.08826383  030.20537116
120 Taxi 3 hold short
111  60.08813283  030.19866316 54
115  60.08814083  030.19891516
120 Taxi 4 hold short
111  60.08758483  030.17911416 54
115  60.08759283  030.17931216
120 Mil Cargo Ramp 1
111  60.09049083  030.20428616 51
115  60.09047283  030.20439016
120 Mil Cargo Ramp 1
111  60.09047283  030.20439016 51
115  60.09049083  030.20428616
120 Mil Cargo Ramp 2
111  60.09062883  030.20354316 51
115  60.09061083  030.20364716
120 Mil Cargo Ramp 2
111  60.09061083  030.20364716 51
115  60.09062883  030.20354316
120 Mil Cargo Ramp 3
111  60.09084683  030.20227316 51
115  60.09082483  030.20240116
120 Mil Cargo Ramp 3
111  60.09082383  030.20240016 51
115  60.09084783  030.20227416
120 Mil Cargo Ramp 4
111  60.09099983  030.20151916 51
115  60.09097383  030.20164516
120 Mil Cargo Ramp 4
111  60.09097383  030.20164516 51
115  60.09099983  030.20151916
120 Mil Cargo Ramp 5
111  60.09110083  030.20094216 51
115  60.09112483  030.20081616
120 Mil Cargo Ramp 5
111  60.09112583  030.20081616 51
115  60.09109983  030.20094216
120 Mil Cargo Ramp 6
111  60.09122883  030.20020516 51
115  60.09125483  030.20007916
120 Mil Cargo Ramp 6
111  60.09125483  030.20007916 51
115  60.09122883  030.20020516
120 Mil Cargo Ramp 7
111  60.09138583  030.19927916 51
115  60.09141183  030.19915316
120 Mil Cargo Ramp 7
111  60.09141183  030.19915316 51
115  60.09138583  030.19927916
120 Mil Cargo Ramp 8
111  60.09162883  030.19755216 51
115  60.09160883  030.19768216
120 Mil Cargo Ramp 8
111  60.09160883  030.19768116 51
115  60.09162883  030.19755316
120 Mil Cargo Ramp 9
111  60.09170783  030.19705916 51
115  60.09172583  030.19692916
120 Mil Cargo Ramp 9
111  60.09172783  030.19693016 51
115  60.09170583  030.19705816
120 Cargo Ramp 22
111  60.09144783  030.20550216 51
115  60.09149983  030.20553816
120 Apron edge
111  60.08713083  030.17247416 102
111  60.08721683  030.17216416 102
111  60.08721883  030.17175916 102
111  60.08719683  030.17144216 102
115  60.08708783  030.17111416
120 Apron edge
111  60.08667783  030.17114816 102
111  60.08660583  030.17122116 102
111  60.08662083  030.17215316 102
115  60.08671683  030.17252916
120 Apron edge
111  60.09052983  030.19769516 102
111  60.09051283  030.19720916 102
111  60.09029983  030.19723116 102
115  60.09031083  030.19771016
120 Apron edge
111  60.08825683  030.21560516 102
115  60.08838883  030.21559416
120 Apron edge
111  60.08838583  030.21549816 102
115  60.08838183  030.21549416
120 Apron edge
111  60.08831783  030.21506116 102
115  60.08831783  030.21505416
120 Apron edge
111  60.08824083  030.21458616 102
115  60.08824083  030.21457816
120 Apron edge
111  60.08712883  030.17249716 102
115  60.08712983  030.17249216
14  60.09014383  030.19583816  52.49 0 Levashovo Tower
15  60.09147383  030.20552016 289.25 Cargo_Ramp_22
15  60.09040183  030.19746516  88.08 GA_Ramp_13
15  60.09037483  030.21162216 197.86 GA_Ramp_14
15  60.09051983  030.21086816 199.96 GA_Ramp_15
15  60.09067083  030.21013516 200.89 GA_Ramp_16
15  60.09080483  030.20936716 199.60 GA_Ramp_17
15  60.09094383  030.20861016 200.67 GA_Ramp_18
15  60.09109583  030.20780116 199.45 GA_Ramp_19
15  60.09123883  030.20703316 199.02 GA_Ramp_20
15  60.09137283  030.20626016 199.51 GA_Ramp_21
15  60.09048183  030.20433816  19.53 Mil_Cargo_Ramp_1
15  60.08978883  030.20952516 183.91 Mil_Cargo_Ramp_10
15  60.08979183  030.20832516 175.68 Mil_Cargo_Ramp_11
15  60.08986683  030.20689516 175.95 Mil_Cargo_Ramp_12
15  60.09061983  030.20359516  20.05 Mil_Cargo_Ramp_2
15  60.09083583  030.20233716  20.36 Mil_Cargo_Ramp_3
15  60.09098683  030.20158216  21.92 Mil_Cargo_Ramp_4
15  60.09111283  030.20087916  21.34 Mil_Cargo_Ramp_5
15  60.09124183  030.20014216  21.98 Mil_Cargo_Ramp_6
15  60.09139883  030.19921616  22.02 Mil_Cargo_Ramp_7
15  60.09161883  030.19761716 199.00 Mil_Cargo_Ramp_8
15  60.09171683  030.19699416 198.40 Mil_Cargo_Ramp_9
50 12210 ULLV ATIS
53 11800 Taxi GND
54 12400 BALZAM TWR
99
