I
850 Generated by WorldEditor

1   1485 1 0 URMT Shpakovskoye Stavropol
100 47.85 1 0 0.00 0 1 1 07  45.10634369  042.09662661    0    0 3 1 0 0 25  45.11215894  042.12872351    0    0 3 1 0 0
110 1 0.00 0.0000 New Taxiway 17
112  45.11185031  042.09361569  45.11200806  042.09362488
111  45.11185031  042.09361569
112  45.11185031  042.09361569  45.11188381  042.09361416
111  45.11188809  042.09364960
111  45.11189384  042.09353840
112  45.11185226  042.09357955  45.11181769  042.09357955
111  45.11185226  042.09357955
112  45.11185226  042.09357955  45.11169668  042.09358108
111  45.11141368  042.09365369
111  45.11041447  042.09391686
111  45.11042160  042.09395390
113  45.11141461  042.09368824
110 1 0.00 0.0000 New Taxiway 16
111  45.11083519  042.09513103
111  45.11139913  042.09494405
111  45.11138521  042.09485529
113  45.11082568  042.09507040
110 1 0.00 270.0000 New Taxiway 15
111  45.10961366  042.09391752
111  45.10962037  042.09396157
111  45.10965621  042.09395055
111  45.10968373  042.09415251
111  45.10970375  042.09414758
111  45.10972752  042.09427893
112  45.10972752  042.09427893  45.10973348  042.09431074
112  45.10970732  042.09433955  45.10969403  042.09434410
111  45.10970732  042.09433955
111  45.10965859  042.09435808
111  45.10977965  042.09504805
111  45.10986301  042.09501315
111  45.10992125  042.09534490
111  45.10986108  042.09536684
111  45.11000743  042.09625091
111  45.11018034  042.09619026
111  45.11016370  042.09610270
111  45.11052500  042.09597134
111  45.11039047  042.09529620
111  45.11044452  042.09527164
111  45.11055352  042.09523038
111  45.11055709  042.09526575
111  45.11067356  042.09522701
111  45.11066761  042.09519165
111  45.11083519  042.09513103
111  45.11082568  042.09507040
111  45.11053332  042.09516976
111  45.11040020  042.09522028
112  45.11040020  042.09522028  45.11036449  042.09522660
112  45.11033722  042.09515628  45.11032829  042.09510188
111  45.11033722  042.09515628
111  45.11021629  042.09431811
111  45.11018390  042.09405831
112  45.11018390  042.09405831  45.11018301  042.09403301
111  45.11024214  042.09401453
111  45.11042160  042.09395390
111  45.11041447  042.09391686
112  45.11041447  042.09391686  45.11028678  042.09396494
112  45.11017677  042.09392696  45.11017498  042.09385484
111  45.11017677  042.09392696
111  45.11017915  042.09384108
111  45.11025521  042.09351270
112  45.11025521  042.09351270  45.11028200  042.09341148
112  45.11026591  042.09318937  45.11024537  042.09306411
111  45.11026591  042.09318937
112  45.11026591  042.09318937  45.11025966  042.09313370
111  45.11031345  042.09310517
111  45.11075794  042.09300244
111  45.11075675  042.09296034
111  45.11030275  042.09306643
112  45.11022217  042.09299602  45.11019627  042.09290999
111  45.11022217  042.09299602
111  45.11011788  042.09261666
112  45.11011788  042.09261666  45.11006073  042.09240030
112  45.11015117  042.09227001  45.11027172  042.09223079
111  45.11015117  042.09227001
111  45.11022156  042.09225590
111  45.11022583  042.09221136
111  45.11012642  042.09222346
112  45.11007726  042.09220847  45.11006208  042.09219581
111  45.11003432  042.09214742
112  45.10984343  042.09172225  45.10980414  042.09159700
111  45.10984343  042.09172225
111  45.10983245  042.09155892
111  45.10999407  042.09151658
111  45.10998309  042.09143881
111  45.10997496  042.09136631
111  45.10994169  042.09136967
111  45.10993337  042.09128211
112  45.10988029  042.09134397  45.10983743  042.09136042
111  45.10988029  042.09134397
112  45.10988029  042.09134397  45.10984279  042.09135409
111  45.10980382  042.09132252
111  45.10974083  042.09132758
112  45.10979947  042.09173834  45.10983608  042.09182817
111  45.10979947  042.09173834
112  45.10979947  042.09173834  45.10983161  042.09183576
111  45.10992009  042.09199903
111  45.11000494  042.09217916
112  45.11000494  042.09217916  45.11003262  042.09225001
112  45.11007924  042.09257191  45.11013906  042.09273260
111  45.11007924  042.09257191
111  45.11019690  042.09303686
111  45.11023873  042.09325175
112  45.11019036  042.09350923  45.11012785  042.09355478
111  45.11019036  042.09350923
111  45.11005962  042.09356480
111  45.10987137  042.09365557
112  45.10987137  042.09365557  45.10980886  042.09368593
111  45.10972300  042.09377269
111  45.10973132  042.09379627
111  45.10986053  042.09372084
111  45.11001256  042.09366483
111  45.11007793  042.09399641
112  45.11007793  042.09399641  45.11015472  042.09410901
112  45.11017480  042.09432713  45.11019802  042.09442582
111  45.11017480  042.09432713
111  45.11031456  042.09516342
112  45.11031456  042.09516342  45.11032081  042.09521150
112  45.11028187  042.09525974  45.11024080  042.09527872
111  45.11028187  042.09525974
111  45.11002563  042.09536903
112  45.11002563  042.09536903  45.11000350  042.09537635
112  45.10997334  042.09530420  45.10996596  042.09525819
111  45.10997334  042.09530420
111  45.10992619  042.09503428
112  45.10992619  042.09503428  45.10992250  042.09501023
112  45.10994768  042.09498254  45.10996465  042.09497522
111  45.10994768  042.09498254
111  45.11000495  042.09495852
111  45.10987731  042.09428166
111  45.10982953  042.09429835
112  45.10982953  042.09429835  45.10981579  042.09430420
112  45.10978312  042.09426241  45.10977762  042.09423060
111  45.10978312  042.09426241
111  45.10976024  042.09414275
112  45.10976024  042.09414275  45.10975520  042.09409730
112  45.10980731  042.09407421  45.10983022  042.09406383
111  45.10980731  042.09407421
111  45.10977855  042.09392602
111  45.10973933  042.09393899
112  45.10973933  042.09393899  45.10971275  042.09392665
113  45.10970993  042.09388552
110 1 0.00 0.0000 New Taxiway 14
111  45.10713825  042.08889314
111  45.10688646  042.08847805
111  45.10533018  042.08598993
111  45.10529051  042.08601103
111  45.10654116  042.08800075
111  45.10712438  042.08891955
111  45.10794740  042.09032060
113  45.10796998  042.09029197
110 1 0.00 0.0000 New Taxiway 13
111  45.10999190  042.09095480
111  45.10932551  042.09114123
111  45.10919228  042.09117489
111  45.10887144  042.09123927
112  45.10887144  042.09123927  45.10875753  042.09125641
112  45.10866870  042.09132816  45.10862334  042.09136958
111  45.10866870  042.09132816
112  45.10866870  042.09132816  45.10864451  042.09136458
111  45.10862484  042.09142695
111  45.10796998  042.09029197
111  45.10794740  042.09032060
111  45.10859037  042.09146399
112  45.10859037  042.09146399  45.10860449  042.09149399
111  45.10858919  042.09160881
111  45.10855234  042.09194055
112  45.10855234  042.09194055  45.10851977  042.09220602
112  45.10857611  042.09261750  45.10861270  042.09279599
111  45.10857611  042.09261750
111  45.10886848  042.09376427
111  45.10925769  042.09526571
111  45.10930112  042.09524038
111  45.10896594  042.09396466
112  45.10895049  042.09381816  45.10895265  042.09376305
111  45.10895049  042.09381816
112  45.10895049  042.09381816  45.10896453  042.09369875
112  45.10915620  042.09349254  45.10928369  042.09340834
111  45.10915620  042.09349254
111  45.10928877  042.09344631
111  45.10929657  042.09351388
111  45.10934261  042.09350152
111  45.10936206  042.09359485
111  45.10958665  042.09350723
111  45.10961085  042.09364930
111  45.10957682  042.09367502
111  45.10961366  042.09391752
111  45.10970993  042.09388552
111  45.10973143  042.09384235
111  45.10973132  042.09379627
111  45.10972300  042.09377269
112  45.10966715  042.09373565  45.10965526  042.09368666
111  45.10966715  042.09373565
111  45.10964100  042.09358914
112  45.10964100  042.09358914  45.10963019  042.09350494
111  45.10969448  042.09342411
111  45.10966596  042.09325740
111  45.10959108  042.09323214
111  45.10953166  042.09326414
111  45.10930703  042.09333654
111  45.10930109  042.09336348
111  45.10913589  042.09341737
112  45.10890295  042.09375325  45.10887377  042.09395073
111  45.10890295  042.09375325
111  45.10861058  042.09259728
112  45.10861058  042.09259728  45.10855584  042.09238289
112  45.10858681  042.09191232  45.10861025  042.09165777
111  45.10858681  042.09191232
112  45.10858681  042.09191232  45.10861133  042.09168073
111  45.10863197  042.09163068
112  45.10863197  042.09163068  45.10864004  042.09160640
112  45.10867119  042.09161553  45.10868934  042.09163553
111  45.10867119  042.09161553
111  45.10936408  042.09282294
112  45.10936408  042.09282294  45.10946498  042.09299247
111  45.10953166  042.09326414
111  45.10959108  042.09323214
111  45.10945203  042.09277578
111  45.10939498  042.09275221
111  45.10929841  042.09257286
111  45.10943539  042.09256529
111  45.10939498  042.09275221
111  45.10945203  042.09277578
111  45.10944728  042.09272358
112  45.10947104  042.09259897  45.10949783  042.09253318
111  45.10955899  042.09248782
111  45.10952809  042.09243394
112  45.10939736  042.09252275  45.10933575  042.09253540
111  45.10939736  042.09252275
112  45.10923929  042.09248782  45.10919732  042.09244101
111  45.10923929  042.09248782
111  45.10901037  042.09209274
112  45.10901037  042.09209274  45.10899226  042.09206898
112  45.10901486  042.09199532  45.10903230  042.09197535
111  45.10909330  042.09193806
111  45.10919056  042.09190012
111  45.10931179  042.09185465
111  45.10946035  042.09180582
111  45.10945678  042.09173846
111  45.10915847  042.09184455
111  45.10903012  042.09190473
112  45.10889701  042.09191864  45.10887487  042.09189202
111  45.10889701  042.09191864
111  45.10864980  042.09146229
112  45.10864980  042.09146229  45.10867055  042.09137018
112  45.10887680  042.09128042  45.10901573  042.09125642
111  45.10887680  042.09128042
111  45.10909667  042.09123495
111  45.10932961  042.09119791
111  45.10940092  042.09117096
111  45.10956494  042.09112213
112  45.10956494  042.09112213  45.10959618  042.09112390
112  45.10967903  042.09121138  45.10970444  042.09124266
111  45.10974083  042.09132758
111  45.10980382  042.09132252
111  45.10963624  042.09110024
111  45.10983591  042.09104466
112  45.10983591  042.09104466  45.10985507  042.09104112
112  45.10991310  042.09109182  45.10992268  042.09113254
111  45.10991310  042.09109182
112  45.10991310  042.09109182  45.10992143  042.09112310
112  45.10993337  042.09128211  45.10992795  042.09130985
111  45.10993337  042.09128211
111  45.10994169  042.09136967
111  45.10997496  042.09136631
111  45.10993812  042.09106992
112  45.10993812  042.09106992  45.10993365  042.09103090
113  45.10999546  042.09099859
110 1 0.00 0.0000 New Taxiway 12
111  45.10861942  042.09007462
111  45.10912786  042.09067863
112  45.10912786  042.09067863  45.10915043  042.09070974
112  45.10918135  042.09080156  45.10919171  042.09085341
111  45.10918135  042.09080156
111  45.10922465  042.09108870
112  45.10922465  042.09108870  45.10922648  042.09112227
112  45.10919564  042.09117372  45.10917795  042.09119100
111  45.10919564  042.09117372
111  45.10932040  042.09114172
112  45.10932040  042.09114172  45.10929173  042.09114604
112  45.10926810  042.09107605  45.10926079  042.09103370
111  45.10926810  042.09107605
111  45.10923483  042.09081503
112  45.10923483  042.09081503  45.10922263  042.09074071
112  45.10930495  042.09065674  45.10934947  042.09063341
111  45.10930495  042.09065674
111  45.10941474  042.09060307
112  45.10941474  042.09060307  45.10943365  042.09059702
112  45.10945470  042.09062474  45.10945897  042.09064116
111  45.10945470  042.09062474
111  45.10947777  042.09076542
111  45.10945074  042.09077540
111  45.10947515  042.09091719
111  45.10955524  042.09088767
111  45.10953195  042.09074778
111  45.10950049  042.09075766
111  45.10947728  042.09061464
112  45.10947728  042.09061464  45.10947240  042.09059390
112  45.10949867  042.09056580  45.10951148  042.09056148
111  45.10949867  042.09056580
111  45.10980937  042.09044318
112  45.10983620  042.09051528  45.10984074  042.09056170
111  45.10983620  042.09051528
111  45.10985403  042.09067055
111  45.10983692  042.09067773
111  45.10985237  042.09080010
111  45.10991987  042.09077630
111  45.10990569  042.09065449
111  45.10987907  042.09066268
111  45.10987034  042.09055350
111  45.10985760  042.09044118
112  45.10990157  042.09040919  45.10994441  042.09040419
111  45.10990157  042.09040919
112  45.10990157  042.09040919  45.10995752  042.09041347
112  45.11001566  042.09056748  45.11001718  042.09064533
111  45.11001566  042.09056748
111  45.11002993  042.09084029
112  45.11002993  042.09084029  45.11003043  042.09087743
112  45.10999190  042.09095480  45.10996065  042.09096194
111  45.10999190  042.09095480
111  45.10999546  042.09099859
111  45.11028245  042.09092636
111  45.11027758  042.09089020
111  45.11015472  042.09091438
112  45.11015472  042.09091438  45.11011389  042.09092081
112  45.11007390  042.09083692  45.11007188  042.09079121
111  45.11007390  042.09083692
111  45.11006659  042.09066633
112  45.11005964  042.09048328  45.11005712  042.09043543
111  45.11004250  042.09035903
111  45.11003976  042.09023977
112  45.11003976  042.09023977  45.11004026  042.09022406
112  45.11005992  042.09022981  45.11007152  042.09023981
111  45.11005992  042.09022981
111  45.10999915  042.09012353
111  45.10999784  042.09033341
111  45.10995981  042.09036709
112  45.10985403  042.09036709  45.10978938  042.09039042
111  45.10985403  042.09036709
112  45.10985403  042.09036709  45.10983695  042.09037228
112  45.10981160  042.09033316  45.10980368  042.09030377
111  45.10981160  042.09033316
111  45.10977612  042.09014362
111  45.10981458  042.09012678
111  45.10978611  042.08997986
111  45.10969127  042.09001632
111  45.10972192  042.09016416
111  45.10974748  042.09015388
111  45.10978153  042.09034183
112  45.10978153  042.09034183  45.10978702  042.09037035
112  45.10976489  042.09040414  45.10974965  042.09041019
111  45.10976489  042.09040414
111  45.10966506  042.09043950
112  45.10966506  042.09043950  45.10964371  042.09044382
112  45.10960920  042.09039235  45.10960066  042.09035692
111  45.10960920  042.09039235
111  45.10958180  042.09021984
111  45.10961437  042.09020663
111  45.10958228  042.09006052
111  45.10949551  042.09009521
111  45.10952713  042.09024140
111  45.10955614  042.09022952
111  45.10958543  042.09039909
112  45.10958543  042.09039909  45.10959275  042.09043797
112  45.10954978  042.09048497  45.10952233  042.09049534
111  45.10954978  042.09048497
111  45.10944827  042.09052702
112  45.10944827  042.09052702  45.10942327  042.09053394
112  45.10940649  042.09049390  45.10940222  042.09046711
111  45.10940649  042.09049390
111  45.10937079  042.09030303
111  45.10939587  042.09029369
111  45.10936598  042.09014654
111  45.10928171  042.09018048
111  45.10931083  042.09032678
111  45.10934256  042.09031464
111  45.10937863  042.09050349
112  45.10937863  042.09050349  45.10938229  042.09053287
112  45.10935487  042.09056917  45.10933535  042.09057695
111  45.10935487  042.09056917
111  45.10923364  042.09061464
112  45.10923364  042.09061464  45.10918790  042.09062760
112  45.10911717  042.09058432  45.10907996  042.09054371
111  45.10911717  042.09058432
113  45.10862318  042.08999489
110 1 0.00 270.0000 New Taxiway 11
111  45.10816418  042.09024578
111  45.10860566  042.09031709
111  45.10861942  042.09007462
111  45.10862318  042.08999489
111  45.10863011  042.08978936
112  45.10863011  042.08978936  45.10864066  042.08974312
112  45.10875956  042.08963089  45.10881852  042.08959014
111  45.10875956  042.08963089
112  45.10903421  042.08954892  45.10909753  042.08954432
111  45.10903421  042.08954892
111  45.10956955  042.08959322
112  45.10956955  042.08959322  45.10971236  042.08961156
112  45.10980664  042.08976731  45.10985704  042.08982719
111  45.10980664  042.08976731
112  45.10980664  042.08976731  45.10989763  042.08990080
111  45.10999915  042.09012353
111  45.11005992  042.09022981
112  45.11026520  042.09067369  45.11028630  042.09077432
111  45.11026520  042.09067369
111  45.11027758  042.09089020
111  45.11028245  042.09092636
111  45.11050679  042.09086319
112  45.11050679  042.09086319  45.11057154  042.09085565
112  45.11058589  042.09094469  45.11058876  042.09098137
111  45.11058589  042.09094469
111  45.11060890  042.09137056
112  45.11060890  042.09137056  45.11060802  042.09144148
111  45.11054418  042.09143984
111  45.11032703  042.09146633
111  45.11033854  042.09166398
111  45.11087350  042.09145614
111  45.11086487  042.09136852
111  45.11064629  042.09141131
111  45.11061609  042.09093858
112  45.11061609  042.09093858  45.11061041  042.09086008
112  45.11054418  042.09083262  45.11053007  042.09083905
111  45.11054418  042.09083262
111  45.11049241  042.09081428
111  45.10979351  042.08947759
111  45.10983953  042.08892132
111  45.10901551  042.08886427
111  45.10899070  042.08919430
112  45.10899070  042.08919430  45.10897775  042.08930229
112  45.10884348  042.08945038  45.10880208  042.08947453
111  45.10884348  042.08945038
111  45.10864305  042.08952446
113  45.10820300  042.08948982
110 1 0.00 0.0000 New Taxiway 10
111  45.11348978  042.09737025
111  45.11355039  042.09752350
111  45.11362170  042.09763297
112  45.11365498  042.09774075  45.11365986  042.09778569
111  45.11365498  042.09774075
112  45.11365498  042.09774075  45.11366169  042.09782458
111  45.11371916  042.09797653
111  45.11382374  042.09815336
111  45.11409710  042.09853397
112  45.11409710  042.09853397  45.11412454  042.09857891
112  45.11422902  042.09865018  45.11428330  042.09868043
112  45.11438090  042.09869423  45.11443213  042.09869942
111  45.11438090  042.09869423
111  45.11486961  042.09866871
112  45.11486961  042.09866871  45.11505632  042.09866871
112  45.11507285  042.09838914  45.11506325  042.09825215
111  45.11507285  042.09838914
111  45.11499356  042.09751190
111  45.11497059  042.09750918
111  45.11505170  042.09839169
112  45.11505170  042.09839169  45.11506941  042.09856319
112  45.11486961  042.09863670  45.11473973  042.09864298
111  45.11486961  042.09863670
111  45.11439097  042.09865753
112  45.11439097  042.09865753  45.11433730  042.09865235
112  45.11417724  042.09856852  45.11412296  042.09851493
111  45.11417724  042.09856852
112  45.11417724  042.09856852  45.11414858  042.09854086
112  45.11399181  042.09834203  45.11391191  042.09822968
111  45.11399181  042.09834203
111  45.11381070  042.09807447
111  45.11377977  042.09801695
112  45.11373695  042.09795714  45.11371866  042.09791134
111  45.11373695  042.09795714
112  45.11368113  042.09773402  45.11368784  042.09771328
112  45.11372154  042.09769865  45.11374166  042.09769260
111  45.11375745  042.09770366
111  45.11378922  042.09769943
111  45.11382048  042.09767261
111  45.11370539  042.09750375
112  45.11358842  042.09746625  45.11355000  042.09741699
111  45.11358842  042.09746625
112  45.11352425  042.09733825  45.11350839  042.09730196
111  45.11347570  042.09710506
111  45.11344699  042.09690164
113  45.11339438  042.09691716
110 1 0.00 0.0000 New Taxiway 9
112  45.11289383  042.09660058  45.11298782  042.09655159
111  45.11289383  042.09660058
112  45.11289383  042.09660058  45.11295865  042.09656383
111  45.11310437  042.09629139
112  45.11310437  042.09629139  45.11312706  042.09628067
111  45.11315988  042.09629952
112  45.11319325  042.09636908  45.11319758  042.09640429
112  45.11319384  042.09651051  45.11319600  042.09654725
111  45.11319384  042.09651051
112  45.11319384  042.09651051  45.11319276  042.09655338
112  45.11324027  042.09667403  45.11327268  042.09673527
111  45.11324027  042.09667403
112  45.11324027  042.09667403  45.11328241  042.09678120
111  45.11333789  042.09679586
111  45.11334937  042.09673348
112  45.11331702  042.09672835  45.11329217  042.09670845
111  45.11331702  042.09672835
112  45.11331702  042.09672835  45.11328244  042.09669314
112  45.11322879  042.09652735  45.11322338  042.09648142
111  45.11324027  042.09642428
112  45.11329004  042.09654633  45.11330733  042.09659380
111  45.11334937  042.09673348
111  45.11333789  042.09679586
112  45.11333789  042.09679586  45.11334869  042.09680811
111  45.11339438  042.09691716
111  45.11344699  042.09690164
111  45.11338191  042.09662499
112  45.11351973  042.09679315  45.11354458  042.09683602
112  45.11358230  042.09691861  45.11357906  042.09696148
112  45.11352930  042.09698572  45.11350769  042.09697959
111  45.11344699  042.09690164
111  45.11347570  042.09710506
111  45.11350642  042.09707946
111  45.11359820  042.09719185
112  45.11372453  042.09736814  45.11376127  042.09744469
111  45.11372453  042.09736814
112  45.11370539  042.09750375  45.11366001  042.09753131
111  45.11370539  042.09750375
111  45.11382048  042.09767261
111  45.11386809  042.09762309
112  45.11386809  042.09762309  45.11390914  042.09756339
111  45.11387192  042.09747392
112  45.11379535  042.09729762  45.11377915  042.09723026
111  45.11379535  042.09729762
111  45.11369199  042.09699928
111  45.11359246  042.09677687
111  45.11342020  042.09657617
111  45.11335894  042.09649939
111  45.11353121  042.09646768
111  45.11379535  042.09641885
112  45.11379535  042.09641885  45.11391636  042.09641120
111  45.11407388  042.09645765
111  45.11454700  042.09658477
112  45.11454700  042.09658477  45.11475552  042.09664142
112  45.11486532  042.09671991  45.11490205  042.09677196
111  45.11486532  042.09671991
112  45.11486532  042.09671991  45.11488153  042.09675053
112  45.11490502  042.09681453  45.11491366  042.09686812
111  45.11490502  042.09681453
112  45.11490502  042.09681453  45.11493311  042.09700591
111  45.11497059  042.09750918
111  45.11499356  042.09751190
112  45.11491508  042.09675788  45.11489023  042.09669664
111  45.11491508  042.09675788
112  45.11491508  042.09675788  45.11490644  042.09672879
112  45.11488063  042.09668736  45.11486443  042.09665980
112  45.11477153  042.09661413  45.11470886  042.09659422
111  45.11477153  042.09661413
111  45.11444231  042.09653004
111  45.11395614  042.09639986
112  45.11395614  042.09639986  45.11385673  042.09637383
112  45.11366902  042.09639172  45.11363769  042.09639631
112  45.11362500  042.09635103  45.11361852  042.09630816
111  45.11360203  042.09620728
111  45.11355992  042.09604726
111  45.11332832  042.09632662
111  45.11334172  042.09635917
111  45.11351973  042.09618287
112  45.11351973  042.09618287  45.11354782  042.09616603
112  45.11356949  042.09628051  45.11356949  042.09634022
112  45.11351016  042.09643511  45.11347450  042.09644430
111  45.11351016  042.09643511
112  45.11332832  042.09644053  45.11330887  042.09642829
111  45.11329578  042.09637544
111  45.11324601  042.09621000
111  45.11319051  042.09600658
111  45.11304121  042.09579503
111  45.11260004  042.09620522
113  45.11259474  042.09657968
110 1 0.00 0.0000 New Taxiway 8
111  45.11194743  042.09507567
112  45.11197858  042.09499091  45.11201688  042.09495472
111  45.11197858  042.09499091
112  45.11197858  042.09499091  45.11202376  042.09496725
111  45.11207254  042.09501556
111  45.11219434  042.09517336
111  45.11233703  042.09537554
111  45.11241185  042.09519555
111  45.11230896  042.09520124
112  45.11230896  042.09520124  45.11228343  042.09519289
111  45.11224315  042.09510325
112  45.11223959  042.09498598  45.11226218  042.09497066
111  45.11223959  042.09498598
111  45.11241185  042.09498104
111  45.11241185  042.09519555
111  45.11233703  042.09537554
111  45.11265372  042.09580210
111  45.11281207  042.09560731
111  45.11284339  042.09534596
111  45.11272332  042.09526706
111  45.11277553  042.09384932
111  45.11225873  042.09385425
111  45.11224307  042.09395781
111  45.11215084  042.09397507
111  45.11214040  042.09485283
112  45.11214040  042.09485283  45.11213353  042.09491267
112  45.11206210  042.09489474  45.11203754  042.09486413
111  45.11206210  042.09489474
112  45.11193463  042.09471336  45.11189632  042.09463125
111  45.11193463  042.09471336
112  45.11193463  042.09471336  45.11190811  042.09465212
111  45.11191419  042.09453476
111  45.11198728  042.09266830
111  45.11200816  042.09199025
111  45.11216302  042.08814143
112  45.11216302  042.08814143  45.11216194  042.08806947
111  45.11219434  042.08797377
111  45.11212648  042.08792692
111  45.11194552  042.09235270
111  45.11191072  042.09306526
111  45.11189384  042.09353840
111  45.11188809  042.09364960
111  45.11185851  042.09452243
112  45.11185851  042.09452243  45.11185060  042.09467709
112  45.11172279  042.09474187  45.11164369  042.09477325
111  45.11172279  042.09474187
111  45.11138521  042.09485529
111  45.11139913  042.09494405
111  45.11174541  042.09483063
112  45.11174541  042.09483063  45.11181613  042.09481393
112  45.11184981  042.09488487  45.11186258  042.09493776
111  45.11184981  042.09488487
113  45.11187609  042.09507073
110 1 0.00 0.0000 New Taxiway 7
111  45.10996501  042.09658646
112  45.11010642  042.09649584  45.11015720  042.09647441
111  45.11010642  042.09649584
111  45.11053428  042.09630601
112  45.11053428  042.09630601  45.11061384  042.09628096
112  45.11084436  042.09627539  45.11099661  042.09620858
111  45.11084436  042.09627539
111  45.11203069  042.09583753
112  45.11203069  042.09583753  45.11208472  042.09582501
112  45.11215278  042.09591408  45.11216850  042.09596558
111  45.11215278  042.09591408
111  45.11219924  042.09611464
112  45.11219924  042.09611464  45.11222674  042.09623851
111  45.11223934  042.09647295
111  45.11228847  042.09648560
112  45.11232200  042.09639949  45.11234655  042.09635078
111  45.11232200  042.09639949
112  45.11232200  042.09639949  45.11236128  042.09631877
112  45.11242421  042.09636517  45.11243993  042.09638744
111  45.11242421  042.09636517
111  45.11259474  042.09657968
111  45.11260004  042.09620522
111  45.11240689  042.09592307
111  45.11220572  042.09556898
111  45.11214928  042.09540359
111  45.11205184  042.09541098
112  45.11205184  042.09541098  45.11202041  042.09538315
112  45.11194743  042.09507567  45.11193663  042.09497685
111  45.11194743  042.09507567
111  45.11187609  042.09507073
111  45.11195787  042.09563042
112  45.11195787  042.09563042  45.11196770  042.09569584
112  45.11188653  042.09580055  45.11181483  042.09582282
111  45.11188653  042.09580055
111  45.11080769  042.09617532
111  45.11077985  042.09599533
111  45.11064760  042.09603971
112  45.11064760  042.09603971  45.11061046  042.09605307
112  45.11051748  042.09620647  45.11051637  042.09626225
111  45.11051748  042.09620647
111  45.11008839  042.09637745
112  45.11008839  042.09637745  45.11007434  042.09638817
112  45.11003023  042.09644037  45.10999998  042.09645874
113  45.10992703  042.09647111
110 1 0.00 0.0000 An 2 parking 6
111  45.11062187  042.10165201
112  45.11069001  042.10159875  45.11073629  042.10158122
111  45.11069001  042.10159875
111  45.11091285  042.10155393
112  45.11091285  042.10155393  45.11095592  042.10155718
112  45.11100825  042.10168086  45.11100917  042.10174709
111  45.11100825  042.10168086
112  45.11100825  042.10168086  45.11101054  042.10173930
112  45.11091789  042.10181725  45.11090002  042.10182959
111  45.11091789  042.10181725
112  45.11091789  042.10181725  45.11088948  042.10183478
112  45.11075903  042.10186095  45.11072970  042.10187134
111  45.11066683  042.10190955
111  45.11068825  042.10202630
112  45.11078445  042.10193611  45.11083393  042.10191793
111  45.11078445  042.10193611
112  45.11078445  042.10193611  45.11082843  042.10193027
112  45.11097289  042.10184787  45.11099580  042.10182515
112  45.11106090  042.10169524  45.11106960  042.10164459
111  45.11106090  042.10169524
112  45.11106090  042.10169524  45.11106960  042.10165693
112  45.11104276  042.10157425  45.11102672  042.10155283
111  45.11104276  042.10157425
112  45.11104276  042.10157425  45.11103359  042.10156386
112  45.11105062  042.10153654  45.11107403  042.10153525
111  45.11105062  042.10153654
112  45.11105062  042.10153654  45.11131606  042.10152849
111  45.11154601  042.10147703
111  45.11157101  042.10141124
111  45.11144060  042.10143313
111  45.11133142  042.10144947
111  45.11120077  042.10146868
111  45.11117494  042.10147077
111  45.11102809  042.10148227
111  45.11096757  042.10148436
111  45.11082515  042.10150736
111  45.11064483  042.10153612
112  45.11064483  042.10153612  45.11061504  042.10153936
113  45.11058868  042.10147227
110 1 0.00 0.0000 An 2 parking 5
111  45.11041691  042.10050711
112  45.11060987  042.10067198  45.11064898  042.10070098
112  45.11071519  042.10072313  45.11075544  042.10073073
111  45.11080522  042.10073254
112  45.11080522  042.10073254  45.11083622  042.10073986
112  45.11087533  042.10087370  45.11088539  042.10093549
112  45.11091075  042.10136515  45.11090558  042.10145194
111  45.11082515  042.10150736
111  45.11096757  042.10148436
112  45.11096757  042.10148436  45.11095379  042.10148103
112  45.11094986  042.10144776  45.11095872  042.10142998
111  45.11095577  042.10137457
112  45.11093141  042.10097513  45.11092269  042.10088292
112  45.11089747  042.10077018  45.11088901  042.10074049
112  45.11089968  042.10071894  45.11091176  042.10071835
111  45.11089968  042.10071894
111  45.11098012  042.10071267
112  45.11098012  042.10071267  45.11101333  042.10071058
112  45.11105982  042.10078586  45.11108093  042.10082464
111  45.11105982  042.10078586
112  45.11105982  042.10078586  45.11107369  042.10081472
112  45.11108734  042.10089785  45.11109269  042.10092962
112  45.11111295  042.10138502  45.11109672  042.10148436
111  45.11102809  042.10148227
111  45.11117494  042.10147077
112  45.11116092  042.10142999  45.11116445  042.10139071
111  45.11116092  042.10142999
112  45.11116239  042.10123549  45.11116239  042.10118635
111  45.11116239  042.10123549
112  45.11116239  042.10123549  45.11115971  042.10112309
112  45.11110779  042.10074822  45.11108721  042.10068604
111  45.11110779  042.10074822
112  45.11110779  042.10074822  45.11109931  042.10072246
112  45.11111443  042.10069907  45.11112703  042.10069907
111  45.11111443  042.10069907
111  45.11127530  042.10068653
112  45.11127530  042.10068653  45.11131220  042.10068339
112  45.11133333  042.10082310  45.11133772  042.10086845
111  45.11133333  042.10082310
112  45.11133333  042.10082310  45.11133419  042.10087773
112  45.11130086  042.10128364  45.11128545  042.10138931
111  45.11130086  042.10128364
112  45.11130086  042.10128364  45.11128041  042.10137574
112  45.11120077  042.10146868  45.11116700  042.10150296
111  45.11120077  042.10146868
111  45.11133142  042.10144947
112  45.11133142  042.10144947  45.11130924  042.10143376
112  45.11133655  042.10134634  45.11134910  042.10129928
111  45.11133655  042.10134634
112  45.11133655  042.10134634  45.11135565  042.10126429
112  45.11137493  042.10075658  45.11136182  042.10064242
111  45.11137493  042.10075658
112  45.11137493  042.10075658  45.11137039  042.10071455
112  45.11138968  042.10068234  45.11140444  042.10067655
111  45.11138968  042.10068234
111  45.11146569  042.10067607
112  45.11146569  042.10067607  45.11150481  042.10067398
112  45.11153801  042.10079318  45.11155351  042.10084651
111  45.11153801  042.10079318
112  45.11153801  042.10079318  45.11154687  042.10087161
112  45.11152621  042.10127837  45.11150850  042.10137875
111  45.11152621  042.10127837
112  45.11152621  042.10127837  45.11151308  042.10135632
112  45.11144060  042.10143313  45.11141853  042.10144729
111  45.11144060  042.10143313
111  45.11157101  042.10141124
112  45.11157101  042.10141124  45.11154643  042.10140297
112  45.11157639  042.10134634  45.11158159  042.10131075
111  45.11157639  042.10134634
112  45.11157639  042.10134634  45.11159121  042.10122513
112  45.11157104  042.10067766  45.11154997  042.10059066
111  45.11157104  042.10067766
112  45.11157104  042.10067766  45.11156646  042.10066403
111  45.11157994  042.10065715
111  45.11157458  042.10060401
111  45.11150439  042.10061762
111  45.11134217  042.10062713
111  45.11123849  042.10063836
111  45.11108724  042.10064009
111  45.11103113  042.10064786
111  45.11088110  042.10066083
111  45.11082560  042.10066255
111  45.11070728  042.10065737
111  45.11061336  042.10060725
111  45.11050297  042.10051651
113  45.11040049  042.10042169
110 1 0.00 0.0000 An 2 parking 4
111  45.11033701  042.10007507
112  45.11037367  042.10005245  45.11039929  042.10004727
111  45.11037367  042.10005245
111  45.11044592  042.10004813
112  45.11044592  042.10004813  45.11046366  042.10005284
112  45.11051716  042.10011962  45.11053768  042.10015811
112  45.11056030  042.10027847  45.11057083  042.10034053
111  45.11056030  042.10027847
112  45.11056030  042.10027847  45.11056695  042.10036253
112  45.11055176  042.10048021  45.11054400  042.10051007
111  45.11055176  042.10048021
112  45.11055176  042.10048021  45.11054622  042.10050221
112  45.11050297  042.10051651  45.11046804  042.10051258
111  45.11050297  042.10051651
111  45.11061336  042.10060725
112  45.11060116  042.10052601  45.11061058  042.10048123
112  45.11060848  042.10028923  45.11060183  042.10021696
111  45.11060848  042.10028923
112  45.11060848  042.10028923  45.11060460  042.10023503
112  45.11055603  042.10007578  45.11052997  042.10003414
111  45.11055603  042.10007578
112  45.11055603  042.10007578  45.11054937  042.10006243
112  45.11056640  042.10004727  45.11058525  042.10004255
111  45.11056640  042.10004727
111  45.11064324  042.10004467
112  45.11070179  042.10008442  45.11071898  042.10011113
111  45.11070179  042.10008442
112  45.11070179  042.10008442  45.11071842  042.10010642
112  45.11075546  042.10021059  45.11077043  042.10027973
111  45.11075546  042.10021059
112  45.11075546  042.10021059  45.11076766  042.10027423
112  45.11077925  042.10051565  45.11077703  042.10061935
111  45.11077925  042.10051565
112  45.11077925  042.10051565  45.11077703  042.10055335
112  45.11070728  042.10065737  45.11063908  042.10067701
111  45.11070728  042.10065737
111  45.11082560  042.10066255
112  45.11082133  042.10057527  45.11082743  042.10049750
111  45.11082133  042.10057527
112  45.11082133  042.10057527  45.11082632  042.10050850
112  45.11081340  042.10027886  45.11080508  042.10019009
112  45.11076156  042.10006455  45.11073899  042.10001521
111  45.11076156  042.10006455
112  45.11076156  042.10006455  45.11075673  042.10005528
112  45.11076949  042.10004035  45.11078501  042.10003799
111  45.11076949  042.10004035
111  45.11087073  042.10003257
112  45.11087073  042.10003257  45.11088681  042.10003257
112  45.11095855  042.10020627  45.11098073  042.10031311
112  45.11097380  042.10053984  45.11096326  042.10059169
112  45.11088110  042.10066083  45.11082842  042.10069068
111  45.11088110  042.10066083
111  45.11103113  042.10064786
112  45.11103113  042.10064786  45.11102059  042.10063765
112  45.11101954  042.10057009  45.11102342  042.10052845
111  45.11101954  042.10057009
112  45.11101954  042.10057009  45.11102287  042.10054966
112  45.11102930  042.10039985  45.11102763  042.10028907
112  45.11097624  042.10007146  45.11094852  042.10000154
111  45.11097624  042.10007146
112  45.11097624  042.10007146  45.11097014  042.10005103
112  45.11099270  042.10003603  45.11100712  042.10003446
111  45.11099270  042.10003603
111  45.11108219  042.10003524
112  45.11108219  042.10003524  45.11109938  042.10003760
112  45.11116469  042.10018294  45.11117578  042.10024343
111  45.11116469  042.10018294
112  45.11116469  042.10018294  45.11117744  042.10023872
112  45.11119274  042.10048540  45.11118554  042.10055454
111  45.11119274  042.10048540
112  45.11119274  042.10048540  45.11118775  042.10051997
112  45.11108724  042.10064009  45.11100573  042.10066366
111  45.11108724  042.10064009
111  45.11123849  042.10063836
112  45.11120799  042.10058997  45.11121964  042.10056011
111  45.11120799  042.10058997
112  45.11120799  042.10058997  45.11121520  042.10057661
112  45.11122934  042.10054244  45.11123267  042.10051965
111  45.11122934  042.10054244
112  45.11122934  042.10054244  45.11123267  042.10050394
112  45.11122995  042.10032466  45.11122496  042.10022882
112  45.11117750  042.10006455  45.11115920  042.10002684
111  45.11117750  042.10006455
112  45.11117750  042.10006455  45.11117195  042.10004333
112  45.11120045  042.10002951  45.11122485  042.10002793
111  45.11120045  042.10002951
112  45.11130785  042.10003045  45.11132725  042.10003988
112  45.11138242  042.10011553  45.11139905  042.10017917
111  45.11138242  042.10011553
112  45.11138242  042.10011553  45.11140737  042.10022945
112  45.11141507  042.10045696  45.11141064  042.10052531
112  45.11134217  042.10062713  45.11129448  042.10065227
111  45.11134217  042.10062713
111  45.11150439  042.10061762
112  45.11150439  042.10061762  45.11148000  042.10061134
112  45.11145682  042.10045515  45.11146403  042.10033967
111  45.11145682  042.10045515
112  45.11145682  042.10045515  45.11145904  042.10026503
112  45.11141813  042.10006730  45.11141203  042.10004687
111  45.11139295  042.10001544
111  45.11141653  042.10001440
111  45.11137949  042.09996467
111  45.11123056  042.09997636
111  45.11105046  042.09997700
111  45.11095013  042.09997218
111  45.11086896  042.09997636
111  45.11073248  042.09998588
111  45.11064388  042.09998995
111  45.11054868  042.09998891
111  45.11047636  042.09998682
111  45.11039445  042.09998472
113  45.11032027  042.09997452
110 1 0.00 0.0000 An 2 parking 3
111  45.11025587  042.09962462
112  45.11028154  042.09960307  45.11029712  042.09959657
111  45.11028154  042.09960307
111  45.11035755  042.09959365
112  45.11040404  042.09964594  45.11041687  042.09968295
111  45.11040404  042.09964594
112  45.11040404  042.09964594  45.11041596  042.09967126
112  45.11043725  042.09979546  45.11044183  042.09986364
111  45.11043725  042.09979546
112  45.11043725  042.09979546  45.11043679  042.09983767
112  45.11039445  042.09998472  45.11036329  042.10000875
111  45.11039445  042.09998472
111  45.11047636  042.09998682
112  45.11046774  042.09995271  45.11047324  042.09993128
111  45.11046774  042.09995271
112  45.11046774  042.09995271  45.11047232  042.09993972
112  45.11048314  042.09990792  45.11048909  042.09987676
111  45.11048314  042.09990792
112  45.11048314  042.09990792  45.11049642  042.09984559
112  45.11046173  042.09961626  45.11042095  042.09950069
111  45.11046173  042.09961626
112  45.11046173  042.09961626  45.11045165  042.09960068
112  45.11045718  042.09957379  45.11047001  042.09956535
111  45.11045718  042.09957379
111  45.11048817  042.09956751
112  45.11048817  042.09956751  45.11053766  042.09958764
112  45.11060996  042.09971610  45.11062050  042.09978623
112  45.11060940  042.09988073  45.11059657  042.09993138
111  45.11060940  042.09988073
112  45.11060940  042.09988073  45.11060207  042.09991125
112  45.11054868  042.09998891  45.11051203  042.09999930
111  45.11054868  042.09998891
111  45.11064388  042.09998995
112  45.11064093  042.09994708  45.11064872  042.09992176
112  45.11067118  042.09976305  45.11066294  042.09966956
111  45.11067118  042.09976305
112  45.11067118  042.09976305  45.11066019  042.09968189
112  45.11062322  042.09959888  45.11061451  042.09958200
112  45.11063889  042.09955529  45.11065630  042.09953646
111  45.11063889  042.09955529
111  45.11070439  042.09953510
112  45.11070439  042.09953510  45.11073188  042.09953834
112  45.11080155  042.09965924  45.11082491  042.09974300
111  45.11080155  042.09965924
112  45.11080155  042.09965924  45.11081575  042.09974040
112  45.11080254  042.09986971  45.11079567  042.09991256
112  45.11073248  042.09998588  45.11068666  042.10000990
111  45.11073248  042.09998588
111  45.11086896  042.09997636
112  45.11085641  042.09995231  45.11085916  042.09993283
112  45.11087125  042.09973197  45.11086300  042.09964237
112  45.11081877  042.09956228  45.11079220  042.09953242
111  45.11081877  042.09956228
112  45.11081877  042.09956228  45.11080824  042.09954475
112  45.11082542  042.09952255  45.11084375  042.09950892
111  45.11082542  042.09952255
111  45.11089384  042.09951260
112  45.11089384  042.09951260  45.11091721  042.09951649
112  45.11097626  042.09959077  45.11099413  042.09962713
112  45.11101235  042.09978663  45.11100914  042.09987363
111  45.11101235  042.09978663
112  45.11101235  042.09978663  45.11100868  042.09984896
112  45.11095013  042.09997218  45.11091531  042.10000140
111  45.11095013  042.09997218
111  45.11105046  042.09997700
112  45.11104253  042.09993437  45.11104920  042.09989423
112  45.11105566  042.09968881  45.11104608  042.09960558
111  45.11105566  042.09968881
112  45.11105566  042.09968881  45.11105316  042.09964926
112  45.11100082  042.09948204  45.11096500  042.09942242
111  45.11100082  042.09948204
111  45.11119144  042.09944831
112  45.11119144  042.09944831  45.11122685  042.09944713
112  45.11126672  042.09953928  45.11128421  042.09961896
111  45.11126672  042.09953928
112  45.11126672  042.09953928  45.11128838  042.09962605
112  45.11129771  042.09983520  45.11129802  042.09993897
111  45.11129771  042.09983520
112  45.11129771  042.09983520  45.11129615  042.09989107
112  45.11123056  042.09997636  45.11118956  042.10000164
111  45.11123056  042.09997636
111  45.11137949  042.09996467
112  45.11134431  042.09993039  45.11134963  042.09989979
111  45.11134431  042.09993039
112  45.11134431  042.09993039  45.11134852  042.09988965
112  45.11134789  042.09985402  45.11134914  042.09980287
111  45.11134789  042.09985402
112  45.11134789  042.09985402  45.11134789  042.09977006
112  45.11132734  042.09959105  45.11131927  042.09953392
112  45.11129771  042.09946085  45.11128612  042.09943157
111  45.11129771  042.09946085
112  45.11129771  042.09946085  45.11128763  042.09942872
111  45.11131117  042.09942733
111  45.11128795  042.09937546
111  45.11029264  042.09955392
112  45.11029264  042.09955392  45.11026698  042.09955651
113  45.11023790  042.09952397
110 1 0.00 0.0000 An 2 parking 2
111  45.11131117  042.09942733
112  45.11131117  042.09942733  45.11133445  042.09942654
112  45.11142993  042.09944504  45.11146153  042.09949218
111  45.11142993  042.09944504
112  45.11142993  042.09944504  45.11145210  042.09947961
112  45.11146832  042.09955765  45.11147220  042.09959929
111  45.11146832  042.09955765
111  45.11150136  042.09982968
112  45.11150136  042.09982968  45.11150062  042.09989451
112  45.11145404  042.09996126  45.11142083  042.09997276
111  45.11145404  042.09996126
111  45.11137949  042.09996467
111  45.11141653  042.10001440
111  45.11149107  042.10001226
112  45.11149107  042.10001226  45.11152354  042.10001644
112  45.11155781  042.10004857  45.11157552  042.10007262
112  45.11160358  042.10017340  45.11161465  042.10025705
112  45.11161655  042.10047875  45.11161729  042.10051849
111  45.11161655  042.10047875
112  45.11161655  042.10047875  45.11161802  042.10053731
112  45.11157458  042.10060401  45.11153547  042.10061865
111  45.11157458  042.10060401
111  45.11157994  042.10065715
111  45.11161833  042.10064956
112  45.11167548  042.10069384  45.11169319  042.10073044
112  45.11171388  042.10084061  45.11172052  042.10088662
111  45.11171388  042.10084061
111  45.11174156  042.10119109
112  45.11174156  042.10119109  45.11174433  042.10126886
112  45.11169057  042.10139893  45.11164788  042.10141543
111  45.11169057  042.10139893
111  45.11157101  042.10141124
111  45.11154601  042.10147703
111  45.11177377  042.10144707
111  45.11177265  042.10138854
111  45.11176299  042.10138846
112  45.11176299  042.10138846  45.11178392  042.10136998
112  45.11178961  042.10128377  45.11178915  042.10126364
111  45.11178961  042.10128377
112  45.11178961  042.10128377  45.11179144  042.10126104
111  45.11179026  042.10120720
111  45.11175495  042.10083428
112  45.11172995  042.10069131  45.11172010  042.10066770
111  45.11172995  042.10069131
112  45.11172995  042.10069131  45.11172238  042.10064838
111  45.11174585  042.10064812
111  45.11173804  042.10060065
111  45.11167102  042.10061160
112  45.11166218  042.10055034  45.11166329  042.10049377
112  45.11165048  042.10022064  45.11164715  042.10016250
112  45.11159847  042.10000895  45.11156299  042.09995474
111  45.11159847  042.10000895
111  45.11156609  042.09995200
112  45.11154422  042.09984992  45.11154145  042.09979336
112  45.11149154  042.09946655  45.11146215  042.09936521
111  45.11149154  042.09946655
112  45.11149154  042.09946655  45.11148100  042.09942413
111  45.11148235  042.09939510
111  45.11146672  042.09933340
113  45.11128795  042.09937546
110 1 0.00 0.0000 An 2 parking 1
111  45.11145656  042.09850289
112  45.11145656  042.09850289  45.11149690  042.09852343
112  45.11151920  042.09860090  45.11153369  042.09866162
111  45.11151920  042.09860090
111  45.11153051  042.09875370
112  45.11153051  042.09875370  45.11153114  042.09877245
112  45.11150468  042.09880340  45.11148893  042.09880966
111  45.11150468  042.09880340
111  45.11142094  042.09884929
111  45.11145779  042.09911666
111  45.11152255  042.09908501
112  45.11152255  042.09908501  45.11154488  042.09907926
112  45.11156721  042.09910558  45.11157533  042.09912428
111  45.11156721  042.09910558
111  45.11157837  042.09914672
112  45.11157837  042.09914672  45.11158040  042.09921575
112  45.11146672  042.09933340  45.11137943  042.09936217
111  45.11146672  042.09933340
111  45.11148235  042.09939510
111  45.11154600  042.09937928
112  45.11154600  042.09937928  45.11159167  042.09937784
112  45.11166100  042.09953116  45.11168536  042.09962177
111  45.11166100  042.09953116
111  45.11170008  042.09984600
112  45.11170008  042.09984600  45.11170617  042.09990353
112  45.11165207  042.09994251  45.11161857  042.09994538
111  45.11165207  042.09994251
111  45.11156609  042.09995200
111  45.11159847  042.10000895
111  45.11170231  042.10000895
112  45.11170231  042.10000895  45.11172363  042.10001039
112  45.11176402  042.10013250  45.11177620  042.10019578
111  45.11176402  042.10013250
111  45.11180726  042.10039973
112  45.11180726  042.10039973  45.11181234  042.10049753
112  45.11178493  042.10059433  45.11176362  042.10059864
111  45.11178493  042.10059433
111  45.11173804  042.10060065
111  45.11174585  042.10064812
111  45.11179945  042.10064337
112  45.11179945  042.10064337  45.11183700  042.10063762
112  45.11188765  042.10079209  45.11189476  042.10085825
111  45.11188765  042.10079209
111  45.11195018  042.10121609
112  45.11195018  042.10121609  45.11195773  042.10128384
112  45.11191557  042.10136639  45.11188201  042.10137590
111  45.11191557  042.10136639
111  45.11177265  042.10138854
111  45.11177377  042.10144707
112  45.11177377  042.10144707  45.11193735  042.10143638
112  45.11202164  042.10139012  45.11202835  042.10136635
111  45.11202164  042.10139012
112  45.11202164  042.10139012  45.11201744  042.10123678
111  45.11194265  042.10083838
112  45.11189575  042.10064573  45.11187981  042.10060294
112  45.11185974  042.10048516  45.11185471  042.10043643
112  45.11184718  042.10030043  45.11183711  042.10022673
111  45.11184718  042.10030043
112  45.11184718  042.10030043  45.11183040  042.10022197
112  45.11169338  042.09947579  45.11168499  042.09943062
111  45.11164426  042.09927841
111  45.11162109  042.09909330
112  45.11163615  042.09900003  45.11163001  042.09893215
111  45.11163615  042.09900003
111  45.11162192  042.09875753
111  45.11165765  042.09868633
111  45.11164983  042.09855977
111  45.11157503  042.09851389
112  45.11157503  042.09851389  45.11156053  042.09846923
112  45.11146894  042.09839793  45.11143113  042.09840240
113  45.11146894  042.09839793
110 1 0.00 0.0000 Road from apron to exit
111  45.11223152  042.09872428
111  45.11224492  042.10135690
111  45.11222259  042.10156731
112  45.11222259  042.10156731  45.11220957  042.10162710
112  45.11212026  042.10168036  45.11205359  042.10170840
111  45.11212026  042.10168036
111  45.11191564  042.10177426
111  45.11175218  042.10182508
111  45.11186608  042.10238522
111  45.11200152  042.10232831
112  45.11200152  042.10232831  45.11208194  042.10230866
112  45.11215794  042.10248622  45.11215516  042.10264536
111  45.11215794  042.10248622
111  45.11220748  042.10248463
111  45.11221478  042.10213054
112  45.11223822  042.10185051  45.11227220  042.10173263
112  45.11228958  042.10143917  45.11229236  042.10124957
111  45.11228958  042.10143917
111  45.11228847  042.09661692
111  45.11228847  042.09648560
113  45.11223934  042.09647295
110 2 0.00 0.0000 Abondoned concrete
111  45.11237239  042.13024182
111  45.11233976  042.13025814
111  45.11273324  042.13238772
111  45.11290023  042.13234692
111  45.11246452  042.12993993
113  45.11232633  042.12998617
110 1 0.00 0.0000 Mil appron5
111  45.11428538  042.12093605
111  45.11384643  042.12108414
111  45.11412652  042.12253250
111  45.11431654  042.12245770
111  45.11441789  042.12251754
111  45.11449178  042.12290947
111  45.11463958  042.12286459
111  45.11431021  042.12108146
111  45.11455513  042.12100068
111  45.11449896  042.12066290
111  45.11446890  042.12045597
111  45.11437355  042.11990268
113  45.11411827  042.11998979
110 2 0.00 0.0000 Mil appron4
111  45.11449896  042.12066290
111  45.11525013  042.12043513
111  45.11516667  042.11990949
111  45.11453264  042.12011279
111  45.11457816  042.12042139
113  45.11446890  042.12045597
110 2 0.00 0.0000 Mil appron3
111  45.11456465  042.11845809
111  45.11464594  042.11895832
111  45.11521262  042.11878061
111  45.11513366  042.11827708
113  45.11498038  042.11832316
110 1 0.00 0.0000 Mil appron2
111  45.11388125  042.11867185
111  45.11456465  042.11845809
111  45.11498038  042.11832316
111  45.11487819  042.11771103
113  45.11377459  042.11807469
110 1 0.00 0.0000 Mil appron1
111  45.11323053  042.11707083
111  45.11357664  042.11695380
111  45.11321760  042.11505852
113  45.11287984  042.11515511
110 2 0.00 0.0000 Taxiway to military
111  45.11346554  042.11905360
111  45.11384643  042.12108414
111  45.11428538  042.12093605
111  45.11411827  042.11998979
111  45.11397649  042.11918116
111  45.11415740  042.11911243
111  45.11410234  042.11880776
111  45.11391880  042.11887464
111  45.11388125  042.11867185
111  45.11377459  042.11807469
111  45.11357664  042.11695380
111  45.11323053  042.11707083
111  45.11287984  042.11515511
111  45.11277956  042.11518159
111  45.11343243  042.11885606
111  45.11297614  042.11902881
111  45.11235041  042.11924639
111  45.11110018  042.11969571
111  45.11079645  042.11947474
113  45.11088357  042.11996053
110 1 0.00 0.0000 All appron
111  45.11206041  042.12945369
111  45.11247942  042.12930809
111  45.11237283  042.12863890
111  45.11272283  042.12850100
111  45.11261650  042.12794148
112  45.11261650  042.12794148  45.11250517  042.12788437
111  45.11234960  042.12768784
112  45.11211038  042.12720079  45.11199522  042.12686354
111  45.11211038  042.12720079
111  45.11083018  042.12007998
112  45.11083018  042.12007998  45.11083018  042.12001868
111  45.11088357  042.11996053
111  45.11079645  042.11947474
111  45.11072620  042.11941103
111  45.10876739  042.10850436
112  45.10876739  042.10850436  45.10871864  042.10817583
112  45.10907286  042.10786727  45.10929064  042.10778438
111  45.10907286  042.10786727
111  45.11036852  042.10741439
112  45.11036852  042.10741439  45.11051843  042.10737251
112  45.11079773  042.10792193  45.11085685  042.10838863
111  45.11079773  042.10792193
111  45.11197818  042.11462229
111  45.11148640  042.11483731
111  45.11156789  042.11547841
111  45.11209902  042.11537886
111  45.11266903  042.11855829
111  45.11235041  042.11924639
111  45.11297614  042.11902881
111  45.11105561  042.10822198
112  45.11105561  042.10822198  45.11102744  042.10806692
112  45.11116244  042.10786717  45.11124695  042.10783646
111  45.11116244  042.10786717
111  45.11179455  042.10765667
111  45.11166755  042.10695264
111  45.11231780  042.10669699
111  45.11221305  042.10611007
111  45.11243509  042.10567028
111  45.11268615  042.10562947
111  45.11291535  042.10555655
111  45.11262613  042.10407417
111  45.11225996  042.10419995
112  45.11225996  042.10419995  45.11222296  042.10421358
112  45.11220519  042.10412728  45.11220712  042.10407413
111  45.11220519  042.10412728
111  45.11220748  042.10248463
111  45.11215794  042.10248622
111  45.11216251  042.10327276
112  45.11216251  042.10327276  45.11215507  042.10343701
112  45.11203017  042.10352586  45.11200045  042.10354060
111  45.11203017  042.10352586
111  45.11186624  042.10358125
112  45.11186624  042.10358125  45.11180680  042.10357704
112  45.11175242  042.10344175  45.11172864  042.10328592
111  45.11175242  042.10344175
111  45.11172268  042.10320674
112  45.11153690  042.10285592  45.11150272  042.10268956
111  45.11153690  042.10285592
112  45.11153690  042.10285592  45.11150421  042.10272747
112  45.11162984  042.10249024  45.11170266  042.10245444
111  45.11162984  042.10249024
111  45.11186608  042.10238522
111  45.11175218  042.10182508
111  45.11111675  042.10212210
111  45.11115700  042.10229873
111  45.11077265  042.10246925
111  45.11068825  042.10202630
111  45.11066683  042.10190955
111  45.11062187  042.10165201
111  45.11058868  042.10147227
111  45.11041691  042.10050711
111  45.11040049  042.10042169
111  45.11033701  042.10007507
111  45.11032027  042.09997452
111  45.11025587  042.09962462
111  45.11023790  042.09952397
111  45.11012885  042.09891090
111  45.11145656  042.09850289
111  45.11146894  042.09839793
111  45.11144821  042.09831018
111  45.11191257  042.09812056
111  45.11186881  042.09784638
111  45.11170440  042.09779081
111  45.11166500  042.09677275
111  45.11157484  042.09675705
111  45.11130687  042.09684054
112  45.11115100  042.09695580  45.11111457  042.09699948
112  45.11091946  042.09717032  45.11085221  042.09718223
112  45.11072716  042.09715454  45.11069073  042.09711483
111  45.11072716  042.09715454
112  45.11072716  042.09715454  45.11068232  042.09708307
111  45.11065162  042.09673127
111  45.11053124  042.09675670
112  45.11049774  042.09726258  45.11039685  042.09734200
111  45.11049774  042.09726258
111  45.11016718  042.09738331
112  45.11022849  042.09778149  45.11022849  042.09779597
111  45.10995002  042.09788285
111  45.10976881  042.09695858
112  45.10976881  042.09695858  45.10973782  042.09678633
112  45.10996501  042.09658646  45.11006035  042.09651891
111  45.10996501  042.09658646
111  45.10992703  042.09647111
111  45.10987479  042.09647958
111  45.10984906  042.09638070
111  45.10975834  042.09642932
111  45.10976856  042.09646872
112  45.10966446  042.09640217  45.10963027  042.09632836
111  45.10966446  042.09640217
111  45.10953360  042.09570009
111  45.10945696  042.09554806
111  45.10934966  042.09541775
111  45.10930112  042.09524038
111  45.10925769  042.09526571
111  45.10928579  042.09540327
111  45.10925513  042.09549014
111  45.10914017  042.09554082
111  45.10664213  042.09643400
112  45.10664213  042.09643400  45.10654570  042.09637874
112  45.10646586  042.09611094  45.10643011  042.09599274
111  45.10646586  042.09611094
111  45.10643479  042.09605192
111  45.10606996  042.09610811
113  45.10609159  042.09669451
111  45.10834139  042.09613570
112  45.10834139  042.09613570  45.10852016  042.09608197
112  45.10874494  042.09650542  45.10880345  042.09679249
111  45.10874494  042.09650542
111  45.11056019  042.10662851
112  45.11056019  042.10662851  45.11059161  042.10680659
112  45.11032495  042.10714952  45.11016351  042.10721860
111  45.11032495  042.10714952
111  45.10902790  042.10759436
112  45.10902790  042.10759436  45.10889084  042.10762967
112  45.10874514  042.10757515  45.10867175  042.10752410
112  45.10856856  042.10732567  45.10852359  042.10723049
111  45.10856856  042.10732567
111  45.10675229  042.09730665
112  45.10675229  042.09730665  45.10668782  042.09693619
112  45.10700291  042.09661806  45.10720080  042.09655082
113  45.10700291  042.09661806
111  45.11191515  042.11482805
111  45.11203037  042.11490371
111  45.11205566  042.11518642
111  45.11196573  042.11527801
111  45.11185613  042.11530986
111  45.11175497  042.11527005
111  45.11172406  042.11499131
113  45.11177464  042.11486389
111  45.11141704  042.10275255
111  45.11147539  042.10309796
112  45.11147539  042.10309796  45.11148457  042.10316112
112  45.11142769  042.10320199  45.11137394  042.10322057
111  45.11142769  042.10320199
111  45.11119390  042.10328658
112  45.11119390  042.10328658  45.11116113  042.10330144
112  45.11111723  042.10322723  45.11110936  042.10318079
111  45.11111723  042.10322723
111  45.11107527  042.10297417
112  45.11107527  042.10297417  45.11106216  042.10286643
113  45.11124284  042.10281161
111  45.11221088  042.10430071
111  45.11235000  042.10425667
112  45.11235000  042.10425667  45.11241513  042.10440976
112  45.11236480  042.10472958  45.11230116  042.10481766
111  45.11236480  042.10472958
112  45.11236480  042.10472958  45.11235695  042.10474673
112  45.11233594  042.10474846  45.11232604  042.10474556
111  45.11233594  042.10474846
113  45.11224862  042.10469708
112  45.11239271  042.10474274  45.11240084  042.10470469
111  45.11239271  042.10474274
111  45.11243177  042.10462290
112  45.11243177  042.10462290  45.11244244  042.10460059
112  45.11245970  042.10464779  45.11246506  042.10467754
111  45.11245970  042.10464779
111  45.11248038  042.10476350
112  45.11248038  042.10476350  45.11248200  042.10477503
114  45.11243149  042.10480446  45.11239029  042.10479062
130 Boundary
111  45.10281414  042.08174863
111  45.10285440  042.08371587
111  45.10225058  042.08747929
111  45.10235121  042.09092920
111  45.10269338  042.09594724
111  45.10376012  042.10470040
111  45.10533004  042.11559216
111  45.10607475  042.11761662
111  45.10633640  042.11992620
111  45.10700060  042.12086714
111  45.10832899  042.12112376
111  45.11209278  042.14416384
111  45.11694343  042.14407829
111  45.11370296  042.12397483
111  45.11497097  042.12314789
111  45.11503135  042.12200728
111  45.11838090  042.12173087
111  45.11830758  042.11873243
111  45.11771358  042.11235365
111  45.11650894  042.11048407
111  45.11627617  042.10840739
111  45.11494251  042.10778092
111  45.11410701  042.10411106
111  45.11382372  042.10244606
111  45.11428372  042.09998674
111  45.11633510  042.09997963
111  45.11586978  042.09554658
111  45.11257626  042.09249779
111  45.11259681  042.08825743
111  45.11122731  042.08727751
111  45.10716162  042.08211697
111  45.10406203  042.08037778
111  45.10359892  042.08039300
111  45.10323836  042.08061993
113  45.10301541  042.08109056
120 Linear Feature 6
111  45.11185783  042.12828977 59
115  45.10621848  042.09716168
120 Linear Feature 5
111  45.11081518  042.12008852 59
115  45.11211473  042.12725363
120 Linear Feature 4
111  45.10871947  042.10851394 59
115  45.11069849  042.11943964
120 Linear Feature 3
111  45.10670521  042.09739389 59
115  45.10849299  042.10727145
120 Linear Feature 1
111  45.10663215  042.09639199 102
115  45.10923930  042.09547483
120 Linear Feature 2
112  45.10880374  042.10859950  45.10876739  042.10834798 102
112  45.10910764  042.10790886  45.10944910  042.10779072
111  45.10910764  042.10790886 102
111  45.11036869  042.10745834
112  45.11036869  042.10745834  45.11060692  042.10740209 102
116  45.11075932  042.10783573  45.11078711  042.10803824
120 Parking 8
111  45.11039781  042.10150831
112  45.11039781  042.10150831  45.11044311  042.10149714 20
112  45.11050277  042.10159522  45.11051361  042.10163709
111  45.11050277  042.10159522 20
111  45.11057444  042.10199030
112  45.11057444  042.10199030  45.11058330  042.10205032 20
112  45.11051382  042.10213966  45.11048230  042.10215780
111  45.11051382  042.10213966 20
111  45.11031696  042.10221137
112  45.11031696  042.10221137  45.11029135  042.10221974 20
112  45.11021712  042.10212802  45.11020235  042.10205684
111  45.11021712  042.10212802 20
111  45.11014383  042.10172383
112  45.11014383  042.10172383  45.11013497  042.10165684 20
112  45.11020853  042.10157721  45.11026074  042.10155907
113  45.11020853  042.10157721 20
120 Linear Feature 84
112  45.10976193  042.10132356  45.10976850  042.10136224 22
112  45.10972807  042.10140163  45.10970937  042.10140807 22
112  45.10967298  042.10135364  45.10966640  042.10131712 22
114  45.10970785  042.10127630  45.10972908  042.10127128 22
120 Linear Feature 83
111  45.11028110  042.10085025
112  45.11028110  042.10085025  45.11032228  042.10083643 20
112  45.11037803  042.10090762  45.11039645  042.10098438
111  45.11037803  042.10090762 20
111  45.11045771  042.10134715
112  45.11045771  042.10134715  45.11046590  042.10139365 20
112  45.11040727  042.10146287  45.11035573  042.10148153
111  45.11040727  042.10146287 20
111  45.11018131  042.10154477
112  45.11018131  042.10154477  45.11014556  042.10155705 20
112  45.11010005  042.10148395  45.11008816  042.10142122
111  45.11010005  042.10148395 20
111  45.11002602  042.10107476
112  45.11002602  042.10107476  45.11001519  042.10101642 20
112  45.11005866  042.10093137  45.11010092  042.10091601
113  45.11005866  042.10093137 20
120 Parking 9
111  45.11013423  042.10013627
112  45.11013423  042.10013627  45.11018949  042.10012245 20
112  45.11025746  042.10024079  45.11027154  042.10031294
111  45.11025746  042.10024079 20
111  45.11032144  042.10059373
112  45.11032144  042.10059373  45.11033661  042.10068123 20
112  45.11025682  042.10076503  45.11022273  042.10077723
111  45.11025682  042.10076503 20
111  45.11008776  042.10082655
112  45.11008776  042.10082655  45.11003900  042.10084343 20
112  45.10996260  042.10072350  45.10994866  042.10064675
111  45.10996260  042.10072350 20
111  45.10990258  042.10039226
112  45.10990258  042.10039226  45.10989283  042.10031550 20
112  45.10995755  042.10020070  45.11000847  042.10018381
113  45.10995755  042.10020070 20
120 Linear Feature 81
111  45.11006343  042.09945475
112  45.11006343  042.09945475  45.11010135  042.09944247 20
112  45.11012447  042.09950813  45.11013206  042.09955111
111  45.11012447  042.09950813 20
111  45.11020764  042.09996789
112  45.11020764  042.09996789  45.11021739  042.10002163 20
112  45.11017699  042.10007212  45.11014340  042.10008133
111  45.11017699  042.10007212 20
111  45.10994280  042.10015661
112  45.10994280  042.10015661  45.10990488  042.10017042 20
112  45.10984872  042.10009745  45.10983897  042.10003911
111  45.10984872  042.10009745 20
111  45.10976727  042.09964689
112  45.10976727  042.09964689  45.10975643  042.09958702 20
112  45.10981232  042.09954606  45.10984482  042.09953378
113  45.10981232  042.09954606 20
120 Linear Feature 80
112  45.11003598  042.09941544  45.11006632  042.09940623 22
116  45.11016568  042.09948750  45.11018519  042.09958422
120 Linear Feature 79
112  45.10973642  042.09963897  45.10973859  042.09955453 22
116  45.10982904  042.09949066  45.10991788  042.09946917
120 Linear Feature 77
112  45.11010957  042.09917678  45.11012799  042.09927810 22
112  45.11003598  042.09941544  45.10999372  042.09943386
111  45.11003598  042.09941544 22
111  45.10982904  042.09949066
112  45.10982904  042.09949066  45.10978462  042.09949220 22
116  45.10968636  042.09936298  45.10967119  042.09929236
120 Parking 10
111  45.10988292  042.09875856
112  45.10988292  042.09875856  45.10994609  042.09873660 20
112  45.11000269  042.09883316  45.11001342  042.09888720
111  45.11000269  042.09883316 20
111  45.11007115  042.09921084
112  45.11007115  042.09921084  45.11008187  042.09930203 20
112  45.11001754  042.09938290  45.10998536  042.09939472
111  45.11001754  042.09938290 20
111  45.10982909  042.09945157
112  45.10982909  042.09945157  45.10978857  042.09945832 20
112  45.10971557  042.09935872  45.10970723  042.09930974
111  45.10971557  042.09935872 20
111  45.10964788  042.09898520
112  45.10964788  042.09898520  45.10963477  042.09891765 20
112  45.10970265  042.09882418  45.10973245  042.09881236
113  45.10970265  042.09882418 20
120 Linear Feature 75
112  45.10957175  042.09817055  45.10961834  042.09815366
111  45.10957175  042.09817055 20
111  45.10981558  042.09808178
112  45.10981558  042.09808178  45.10986542  042.09806797 20
112  45.10987615  042.09813767  45.10988221  042.09817014
111  45.10987615  042.09813767 20
111  45.10995792  042.09858909
112  45.10995792  042.09858909  45.10996785  042.09864378 20
112  45.10993001  042.09869842  45.10989426  042.09871684
111  45.10993001  042.09869842 20
111  45.10968934  042.09878593
112  45.10968934  042.09878593  45.10964601  042.09880129 20
112  45.10960118  042.09873031  45.10959035  042.09868579
111  45.10960118  042.09873031 20
111  45.10952202  042.09829395
114  45.10952202  042.09829395  45.10951661  042.09824943 20
120 Linear Feature 74
111  45.10978195  042.09804438 22
115  45.10957826  042.09812267
120 Parking 11
111  45.10964413  042.09738327
112  45.10964413  042.09738327  45.10971888  042.09736945 20
112  45.10975700  042.09748001  45.10976242  042.09751225
111  45.10975700  042.09748001 20
111  45.10982372  042.09784756
112  45.10982372  042.09784756  45.10983780  042.09792488 20
112  45.10976820  042.09801165  45.10972702  042.09802853
111  45.10976820  042.09801165 20
111  45.10959820  042.09807336
112  45.10959820  042.09807336  45.10955763  042.09808871 20
112  45.10946539  042.09798002  45.10945291  042.09790944
111  45.10946539  042.09798002 20
111  45.10940097  042.09762444
112  45.10940097  042.09762444  45.10939013  042.09756611 20
112  45.10947611  042.09744448  45.10952920  042.09742606
113  45.10947611  042.09744448 20
120 Linear Feature 72
112  45.10931264  042.09679596  45.10934963  042.09678259
111  45.10931264  042.09679596 20
111  45.10955667  042.09670692
112  45.10955667  042.09670692  45.10959204  042.09669461 20
112  45.10962784  042.09676781  45.10963643  042.09681609
111  45.10962784  042.09676781 20
111  45.10970962  042.09721887
112  45.10970962  042.09721887  45.10971899  042.09728542 20
112  45.10967401  042.09732266  45.10964323  042.09733338
111  45.10967401  042.09732266 20
111  45.10943804  042.09740847
112  45.10943804  042.09740847  45.10940183  042.09742129 20
112  45.10935411  042.09736733  45.10933989  042.09731550
111  45.10935411  042.09736733 20
111  45.10926971  042.09690331
114  45.10926971  042.09690331  45.10926006  042.09685462 20
120 Parking 12
112  45.10957238  042.09605605  45.10958542  042.09611432
111  45.10957238  042.09605605 20
111  45.10964241  042.09644160
112  45.10964241  042.09644160  45.10965019  042.09649269 20
112  45.10956612  042.09660908  45.10950630  042.09663413
111  45.10956612  042.09660908 20
111  45.10930097  042.09670576
112  45.10930097  042.09670576  45.10926181  042.09671996 20
112  45.10917239  042.09662449  45.10915522  042.09653940
111  45.10917239  042.09662449 20
111  45.10910747  042.09626719
112  45.10910747  042.09626719  45.10909672  042.09618703 20
112  45.10917555  042.09607806  45.10922461  042.09605077
111  45.10917555  042.09607806 20
111  45.10945926  042.09597452
114  45.10945926  042.09597452  45.10951079  042.09596230 20
120 Linear Feature 50
112  45.11206136  042.10534518  45.11209807  042.10533630 20
112  45.11214805  042.10541300  45.11215611  042.10545740
111  45.11214805  042.10541300 22
115  45.11220357  042.10570989
120 Linear Feature 49
112  45.11073265  042.10510514  45.11073931  042.10513345 22
116  45.11083354  042.10517179  45.11089274  042.10515082
120 Linear Feature 40
111  45.11181205  042.10609427 22
115  45.11180285  042.10609694
120 Linear Feature 39
111  45.11181325  042.10616339 22
111  45.11180285  042.10609694 22
115  45.11179224  042.10609995
120 Linear Feature 38
111  45.11172320  042.10557443 22
115  45.11171371  042.10557802
120 Linear Feature 37
111  45.11170268  042.10558258 22
111  45.11171371  042.10557802 22
115  45.11170372  042.10551622
120 Linear Feature 36
112  45.11220560  042.10602308  45.11218879  042.10605835 22
112  45.11214399  042.10608996  45.11211170  042.10610330
111  45.11214399  042.10608996 22
111  45.11117255  042.10644662
112  45.11117255  042.10644662  45.11113015  042.10646182 22
112  45.11105553  042.10638073  45.11104295  042.10631887
111  45.11105553  042.10638073 22
111  45.11097065  042.10590605 22
111  45.11083693  042.10566456 22
111  45.11073265  042.10510514 22
111  45.11064341  042.10461375
112  45.11064341  042.10461375  45.11063078  042.10454428 22
112  45.11069727  042.10446342  45.11072608  042.10445267
111  45.11069727  042.10446342 22
111  45.11135991  042.10421850
112  45.11135991  042.10421850  45.11139377  042.10420633 22
112  45.11143465  042.10416062  45.11145689  042.10413413
111  45.11143465  042.10416062 22
111  45.11153569  042.10404659 22
115  45.11180706  042.10395557
120 Linear Feature 35
111  45.11147077  042.10621646 22
111  45.11147978  042.10621350 22
115  45.11148873  042.10621006
120 Linear Feature 35
111  45.11137583  042.10569774 22
111  45.11138617  042.10569387 22
115  45.11139645  042.10568973
120 Linear Feature 34
111  45.11137579  042.10563555 22
111  45.11138617  042.10569387
111  45.11147978  042.10621350 22
115  45.11149239  042.10628021
120 Parkings 1-2-3
111  45.11099525  042.10585168
112  45.11099525  042.10585168  45.11098802  042.10580284 20
112  45.11104519  042.10575583  45.11106854  042.10574796
111  45.11104519  042.10575583 20
111  45.11134730  042.10564582 22
111  45.11137579  042.10563555 22
111  45.11140440  042.10562494 20
111  45.11167411  042.10552689 22
111  45.11170372  042.10551622 22
111  45.11173339  042.10550530 20
111  45.11202042  042.10540111
112  45.11202042  042.10540111  45.11205099  042.10539086 20
112  45.11209286  042.10544793  45.11210008  042.10548968
111  45.11209286  042.10544793 20
111  45.11218192  042.10593889
112  45.11218192  042.10593889  45.11218859  042.10599246 20
112  45.11214694  042.10604188  45.11212137  042.10605212
111  45.11214694  042.10604188 20
111  45.11184445  042.10615205 22
111  45.11181325  042.10616339 22
111  45.11178151  042.10617511 20
111  45.11152219  042.10626925 22
111  45.11149239  042.10628021 22
111  45.11146195  042.10629116 20
111  45.11115702  042.10640238
112  45.11115702  042.10640238  45.11112720  042.10641169 20
112  45.11108412  042.10634131  45.11107552  042.10629475
113  45.11108412  042.10634131 20
120 Linear Feature 32
111  45.11205799  042.10616858
112  45.11205799  042.10616858  45.11209246  042.10615992 20
112  45.11211528  042.10621947  45.11212417  042.10626201
111  45.11211528  042.10621947 20
111  45.11217614  042.10654315
112  45.11217614  042.10654315  45.11218337  042.10658884 20
112  45.11212838  042.10666192  45.11208669  042.10668083
111  45.11212838  042.10666192 20
111  45.11126790  042.10696083
112  45.11126790  042.10696083  45.11122565  042.10697580 20
112  45.11119043  042.10691861  45.11118154  042.10686583
111  45.11119043  042.10691861 20
111  45.11113084  042.10659302
112  45.11113084  042.10659302  45.11112250  042.10654969 20
112  45.11118924  042.10648618  45.11122983  042.10647279
113  45.11118924  042.10648618 20
120 Linear Feature 31
111  45.11134896  042.10714897 22
115  45.11142790  042.10758124
120 Linear Feature 30
111  45.11138161  042.10714301 20
115  45.11146139  042.10758124
120 Main white
112  45.10958250  042.09600205  45.10956475  042.09595277 20
112  45.10944551  042.09592339  45.10938779  042.09593702
111  45.10944551  042.09592339 20
111  45.10917491  042.09602743
112  45.10917491  042.09602743  45.10909721  042.09605994 20
112  45.10906943  042.09625707  45.10908201  042.09631264
111  45.10906943  042.09625707 20
111  45.10913838  042.09663896
112  45.10913838  042.09663896  45.10915466  042.09670921 20
112  45.10921434  042.09674945  45.10923581  042.09676518
111  45.10921434  042.09674945 20
111  45.10968636  042.09936298 20
111  45.10973642  042.09963897 20
111  45.11080336  042.10567184 20
111  45.11094074  042.10591599 20
111  45.11112950  042.10694572
112  45.11112950  042.10694572  45.11113961  042.10701134 20
112  45.11108064  042.10707069  45.11104029  042.10708433
111  45.11108064  042.10707069 20
111  45.11093286  042.10712641
112  45.11093286  042.10712641  45.11087803  042.10714837 20
112  45.11083036  042.10734595  45.11084585  042.10745740
111  45.11083036  042.10734595 20
115  45.11094120  042.10796740
120 Parking place 0
111  45.11122815  042.10707182
112  45.11122815  042.10707182  45.11125036  042.10706610 20
112  45.11131209  042.10713404  45.11132756  042.10720935
111  45.11131209  042.10713404 20
111  45.11139808  042.10760829
112  45.11139808  042.10760829  45.11140683  042.10766835 20
112  45.11132671  042.10774894  45.11127894  042.10776706
111  45.11132671  042.10774894 20
111  45.11106008  042.10784594
112  45.11106008  042.10784594  45.11100895  042.10786882 20
112  45.11094088  042.10775943  45.11092541  042.10768603
111  45.11094088  042.10775943 20
111  45.11086412  042.10733572
112  45.11086412  042.10733572  45.11085538  042.10729092 20
112  45.11094115  042.10717628  45.11098555  042.10716293
113  45.11094115  042.10717628 20
120 Linear Feature 48
112  45.11083354  042.10517179  45.11085944  042.10516445
111  45.11083354  042.10517179 20
111  45.11194405  042.10476154
112  45.11194405  042.10476154  45.11199604  042.10474767 20
112  45.11204165  042.10484274  45.11204838  042.10488607
111  45.11204165  042.10484274 20
111  45.11210702  042.10519293
112  45.11210702  042.10519293  45.11211742  042.10525099 20
112  45.11206136  042.10534518  45.11202160  042.10536165
111  45.11206136  042.10534518 20
111  45.11099077  042.10572612
112  45.11099077  042.10572612  45.11093461  042.10574739 20
112  45.11087313  042.10567379  45.11086201  042.10561156
111  45.11087313  042.10567379 20
111  45.11079550  042.10525571
114  45.11079550  042.10525571  45.11079106  042.10522425 20
120 Linear Feature 42
111  45.11116852  042.10698653 22
115  45.11105553  042.10638073
120 Parkings 4-5-6
111  45.11067426  042.10459769
112  45.11067426  042.10459769  45.11066551  042.10455098 20
112  45.11071969  042.10450226  45.11074997  042.10449082
111  45.11071969  042.10450226 20
111  45.11149194  042.10422136
112  45.11149194  042.10422136  45.11148869  042.10419713 20
112  45.11154717  042.10409590  45.11159176  042.10407716
111  45.11154717  042.10409590 20
111  45.11183447  042.10399149
112  45.11183447  042.10399149  45.11186690  042.10398448 20
112  45.11189743  042.10404161  45.11190626  042.10407761
111  45.11189743  042.10404161 20
111  45.11199945  042.10460456
112  45.11199945  042.10460456  45.11200660  042.10463834 20
112  45.11196016  042.10471114  45.11193140  042.10471954
111  45.11196016  042.10471114 20
111  45.11159746  042.10484321 22
111  45.11158285  042.10484852 22
111  45.11156630  042.10485457 20
111  45.11120214  042.10498700 22
111  45.11117479  042.10499694 22
111  45.11114461  042.10500790 20
111  45.11083339  042.10512124
112  45.11083339  042.10512124  45.11079682  042.10513517 20
112  45.11076120  042.10507761  45.11075377  042.10504305
113  45.11076120  042.10507761 20
120 Linear Feature 51
111  45.11224955  042.10575556 20
111  45.11193070  042.10403830
112  45.11193070  042.10403830  45.11190887  042.10393148 20
112  45.11179230  042.10390849  45.11173678  042.10392422
111  45.11179230  042.10390849 20
111  45.11152003  042.10400632 20
111  45.11137327  042.10416542 20
111  45.11067198  042.10442641
112  45.11067198  042.10442641  45.11064045  042.10443699 20
112  45.11059828  042.10436779  45.11058749  042.10430197
111  45.11059828  042.10436779 20
111  45.11050393  042.10385377
112  45.11050393  042.10385377  45.11049491  042.10378993 20
112  45.11053999  042.10373417  45.11057054  042.10372484
111  45.11053999  042.10373417 20
111  45.11083450  042.10362950
112  45.11083450  042.10362950  45.11090531  042.10360012 20
112  45.11092408  042.10343514  45.11090910  042.10333702
111  45.11092408  042.10343514 20
115  45.10975756  042.09695415
120 Linear Feature 61
111  45.11068109  042.10289491
112  45.11068109  042.10289491  45.11071202  042.10288683 20
112  45.11074164  042.10294678  45.11075059  042.10298945
111  45.11074164  042.10294678 20
111  45.11083528  042.10346349
112  45.11083528  042.10346349  45.11084098  042.10351539 20
112  45.11079823  042.10353858  45.11076404  042.10355127
111  45.11079823  042.10353858 20
111  45.11053757  042.10363338
112  45.11053757  042.10363338  45.11049931  042.10364491 20
112  45.11046646  042.10358930  45.11045750  042.10353394
111  45.11046646  042.10358930 20
111  45.11037606  042.10309039
112  45.11037606  042.10309039  45.11036874  042.10304656 20
112  45.11040655  042.10299460  45.11043667  042.10298191
113  45.11040655  042.10299460 20
120 Linear Feature 60
111  45.10964098  042.09662664 22
111  45.10999929  042.09855748 22
111  45.11010957  042.09917678 22
111  45.11016568  042.09948750 22
111  45.11035375  042.10053727 22
111  45.11086283  042.10346538
112  45.11086283  042.10346538  45.11086998  042.10350760 22
112  45.11082112  042.10358528  45.11078417  042.10359372
111  45.11082112  042.10358528 22
115  45.11048383  042.10370011
120 Linear Feature 59
112  45.10921434  042.09674945  45.10926952  042.09676035 22
112  45.10933543  042.09674204  45.10936639  042.09673040
111  45.10933543  042.09674204 22
111  45.10957424  042.09665282
112  45.10957424  042.09665282  45.10961226  042.09663610 22
116  45.10965553  042.09655318  45.10967437  042.09649421
120 Linear Feature 1
111  45.11188609  042.10393807 20
115  45.11220637  042.10398272
120 Linear Feature 1
111  45.11211842  042.12720813 102
112  45.11234851  042.12766864  45.11244662  042.12780921 102
112  45.11262125  042.12793226  45.11263383  042.12793523
111  45.11262125  042.12793226 102
111  45.11273394  042.12850607 102
115  45.11240150  042.12864168
120 Inner blue lights
112  45.10857879  042.10731753  45.10863125  042.10751993 102
112  45.10902546  042.10758570  45.10923820  042.10752677
111  45.10902546  042.10758570 102
111  45.11030941  042.10714073
112  45.11030941  042.10714073  45.11049045  042.10705218 102
112  45.11055516  042.10662972  45.11052723  042.10646557
111  45.11055516  042.10662972 102
111  45.10873835  042.09650384
112  45.10873835  042.09650384  45.10868625  042.09624202 102
112  45.10834466  042.09615035  45.10817290  042.09620110
111  45.10834466  042.09615035 102
111  45.10700530  042.09663001
112  45.10700530  042.09663001  45.10683805  042.09669216 102
116  45.10676363  042.09730407  45.10682236  042.09772154
120 Linear Feature 70
112  45.10905038  042.09757664  45.10901457  042.09735334 1
112  45.10924749  042.09714149  45.10934509  042.09710343
111  45.10924749  042.09714149
112  45.10924749  042.09714149  45.10942747  042.09708693 1
116  45.10955135  042.09739992  45.10957228  042.09751597
120 Linear Feature 69
112  45.10929620  042.09897879  45.10927020  042.09880685 1
112  45.10950997  042.09857366  45.10962373  042.09854143
111  45.10950997  042.09857366
112  45.10950997  042.09857366  45.10964757  042.09851226 1
112  45.10979419  042.09873942  45.10980611  042.09879008
111  45.10979419  042.09873942 1
115  45.10980067  042.09877503
120 Linear Feature 68
112  45.10918516  042.09835194  45.10923271  042.09853513 1
112  45.10950997  042.09857366  45.10959892  042.09853126
111  45.10950997  042.09857366
112  45.10950997  042.09857366  45.10969446  042.09850474 1
112  45.10968451  042.09813491  45.10966856  042.09804709
111  45.10968451  042.09813491 1
115  45.10967254  042.09806791
120 Linear Feature 67
112  45.10941291  042.09961344  45.10947241  042.09986093 1
112  45.10973153  042.09985543  45.10981599  042.09982551
111  45.10973153  042.09985543
112  45.10973153  042.09985543  45.10982942  042.09982551 1
116  45.10992071  042.09943629  45.10988424  042.09919425
120 Linear Feature 66
112  45.10952915  042.10025296  45.10950420  042.10007074 1
112  45.10973153  042.09985543  45.10986205  042.09979560
111  45.10973153  042.09985543
112  45.10973153  042.09985543  45.10986973  042.09980648 1
116  45.11004744  042.10013702  45.11008582  042.10034372
120 Linear Feature 65
112  45.10965811  042.10100916  45.10971711  042.10125250 1
112  45.10997563  042.10125828  45.11006084  042.10122484
111  45.10997563  042.10125828
112  45.10997563  042.10125828  45.11005036  042.10123227 1
116  45.11017320  042.10083080  45.11013518  042.10056888
120 Linear Feature 64
112  45.10977228  042.10165208  45.10974921  042.10146205 1
112  45.10997563  042.10125828  45.11009532  042.10121945
111  45.10997563  042.10125828
112  45.10997563  042.10125828  45.11014724  042.10119085 1
116  45.11029686  042.10151361  45.11031929  042.10163495
120 Linear Feature 63
112  45.10992190  042.10246293  45.10995505  042.10258655 1
112  45.11021688  042.10263643  45.11034077  042.10259440
111  45.11021688  042.10263643
112  45.11021688  042.10263643  45.11039312  042.10258204 1
116  45.11041832  042.10218354  45.11038865  042.10201541
120 Linear Feature 52
112  45.11044181  042.10538840  45.11046101  042.10549719 1
116  45.11066758  042.10553658  45.11073246  042.10552171
120 Linear Feature 41
112  45.11053158  042.10588658  45.11050499  042.10572608 1
112  45.11066758  042.10553658  45.11072865  042.10551146
111  45.11066758  042.10553658 1
111  45.11086655  042.10547238 1
111  45.11093155  042.10544586 1
111  45.11125462  042.10532862 1
111  45.11132751  042.10530211 1
111  45.11167619  042.10517929
112  45.11167619  042.10517929  45.11174513  042.10516812 1
112  45.11188500  042.10536770  45.11192735  042.10549471
111  45.11188500  042.10536770 1
115  45.11189485  042.10541515
120 Linear Feature 47
112  45.11167619  042.10517929  45.11178453  042.10512248 1
116  45.11181263  042.10480834  45.11179855  042.10469781
120 Linear Feature 46
112  45.11125462  042.10532862  45.11139005  042.10518738 1
116  45.11138784  042.10495501  45.11137257  042.10486646
120 Linear Feature 45
112  45.11132751  042.10530211  45.11138927  042.10530671 1
116  45.11153310  042.10552529  45.11156560  042.10567728
120 Linear Feature 44
112  45.11086655  042.10547238  45.11097923  042.10537412 1
116  45.11096970  042.10510618  45.11095236  042.10502635
120 Linear Feature 43
112  45.11093155  042.10544586  45.11106699  042.10544893 1
116  45.11116147  042.10567574  45.11117989  042.10577860
120 Linear Feature 27
112  45.11042854  042.10725764  45.11056021  042.10721718 1
112  45.11073966  042.10737674  45.11079190  042.10745075
111  45.11073966  042.10737674
112  45.11073966  042.10737674  45.11077018  042.10747075 1
116  45.11090017  042.10754809  45.11095417  042.10753142
120 Linear Feature 26
112  45.11131463  042.10676984  45.11141420  042.10675918 1
112  45.11151309  042.10697898  45.11152728  042.10706931
111  45.11151309  042.10697898
112  45.11151309  042.10697898  45.11153811  042.10712514 1
112  45.11139267  042.10736772  45.11129171  042.10742424
111  45.11139267  042.10736772 1
115  45.11136635  042.10737752
120 Linear Feature 25
112  45.11149145  042.10670690  45.11162935  042.10662595 1
116  45.11165840  042.10624898  45.11163279  042.10610941
120 Linear Feature 24
112  45.11066100  042.10662960  45.11070910  042.10680157 1
112  45.11103720  042.10687523  45.11120902  042.10679144
111  45.11103720  042.10687523
112  45.11103720  042.10687523  45.11127858  042.10679248 1
112  45.11128381  042.10640338  45.11126827  042.10632473
111  45.11128381  042.10640338 1
115  45.11127715  042.10636458
120 Linear Feature 23
112  45.11042854  042.10725764  45.11052306  042.10721045 1
112  45.11065508  042.10708395  45.11074493  042.10701492
111  45.11065508  042.10708395
112  45.11065508  042.10708395  45.11075166  042.10698918 1
112  45.11103720  042.10687523  45.11119126  042.10683233
111  45.11103720  042.10687523 1
111  45.11131463  042.10676984 1
111  45.11149145  042.10670690 1
111  45.11182927  042.10658424
112  45.11182927  042.10658424  45.11192278  042.10654706 1
112  45.11201718  042.10614446  45.11198556  042.10594237
111  45.11201718  042.10614446 1
115  45.11200883  042.10609157
120 Linear Feature 19
112  45.10871428  042.10785533  45.10864742  042.10788610 1
112  45.10855513  042.10810272  45.10851522  042.10822450 1
112  45.10852543  042.10862413  45.10856164  042.10882337
111  45.10852543  042.10862413 1
115  45.10865569  042.10934418
120 Linear Feature 18
111  45.10816959  042.10664407 1
111  45.10829370  042.10734594
112  45.10829370  042.10734594  45.10833507  042.10756155 1
112  45.10848675  042.10778956  45.10857220  042.10789789
111  45.10848675  042.10778956
112  45.10848675  042.10778956  45.10858205  042.10786440 1
112  45.10871428  042.10785533  45.10879111  042.10785114
111  45.10871428  042.10785533 1
115  45.10943823  042.10759854
120 Linear Feature 17
111  45.10947037  042.10771110 4 103
115  45.10942927  042.10747810
120 Linear Feature 16
111  45.11036204  042.10740996 1
115  45.10909178  042.10785145
120 Linear Feature 15
111  45.10904481  042.10759930 1
115  45.11031344  042.10716108
120 Linear Feature 14
111  45.10875380  042.09650064 1
115  45.11056618  042.10661925
120 Linear Feature 13
111  45.10833609  042.09612817 1
115  45.10699957  042.09660439
120 Linear Feature 12
111  45.10694213  042.09633283 1
115  45.10828503  042.09585346
120 Linear Feature 11
112  45.10889372  042.09577558  45.10877454  042.09585387 1
112  45.10880376  042.09626918  45.10885360  042.09656086
111  45.10880376  042.09626918 1
111  45.10892158  042.09689630
112  45.10892158  042.09689630  45.10897142  042.09711582 1
112  45.10924749  042.09714149  45.10933742  042.09709851
111  45.10924749  042.09714149
112  45.10924749  042.09714149  45.10938401  042.09707855 1
112  45.10944134  042.09671853  45.10943050  042.09654659
111  45.10944134  042.09671853 1
115  45.10943500  042.09668394
120 Linear Feature 10
112  45.10880376  042.09626918  45.10876140  042.09607380 1
116  45.10838125  042.09596639  45.10817796  042.09601793
120 Linear Feature 20
111  45.10946033  042.10759119 1
111  45.11042854  042.10725764
112  45.11042854  042.10725764  45.11051507  042.10723349 1
112  45.11066100  042.10662960  45.11058234  042.10625994
111  45.11066100  042.10662960 1
111  45.11053158  042.10588658 1
111  45.11044181  042.10538840 1
111  45.11029968  042.10457753 1
111  45.11017363  042.10388728 1
111  45.11001167  042.10299291 1
111  45.10992190  042.10246293 1
111  45.10977228  042.10165208 1
111  45.10965811  042.10100916 1
111  45.10952915  042.10025296 1
111  45.10941291  042.09961344 1
111  45.10929620  042.09897879 1
111  45.10918516  042.09835194 1
111  45.10905038  042.09757664 1
115  45.10892158  042.09689630
120 Linear Feature 9
111  45.10743815  042.09630139 1
111  45.10838125  042.09596639 1
111  45.10889372  042.09577558 1
111  45.10902835  042.09572404
112  45.10902835  042.09572404  45.10914601  042.09568944 1
112  45.10930046  042.09594468  45.10932414  042.09604639
111  45.10930046  042.09594468 1
115  45.10931208  042.09600229
120 ILS 07
111  45.10744502  042.09643731 4
115  45.10739780  042.09617743
120 Razm
111  45.10740285  042.09631254 1
111  45.10697499  042.09646620
112  45.10697499  042.09646620  45.10681409  042.09653543 1
116  45.10664962  042.09676340  45.10658288  042.09686809
120 Linear Feature 57
112  45.11017363  042.10388728  45.11021112  042.10405279 1
112  45.11048349  042.10414627  45.11060463  042.10410745
111  45.11048349  042.10414627
112  45.11048349  042.10414627  45.11065798  042.10404615 1
116  45.11067051  042.10364047  45.11064744  042.10349744
120 Linear Feature 56
112  45.11065901  042.10409100  45.11075340  042.10413373 1
116  45.11084013  042.10437801  45.11086635  042.10449132
120 Linear Feature 55
112  45.11103605  042.10395898  45.11115404  042.10401099 1
116  45.11126815  042.10429000  45.11129437  042.10443303
120 Linear Feature 54
112  45.11029968  042.10457753  45.11026355  042.10436021 1
112  45.11048349  042.10414627  45.11060267  042.10409100
111  45.11048349  042.10414627 1
111  45.11065901  042.10409100 1
111  45.11103605  042.10395898 1
111  45.11139251  042.10382234
112  45.11139251  042.10382234  45.11148244  042.10378703 1
112  45.11166806  042.10398272  45.11169995  042.10411604
111  45.11166806  042.10398272 1
115  45.11167745  042.10403467
120 Linear Feature 62
112  45.11001167  042.10299291  45.10998303  042.10283525 1
112  45.11021688  042.10263643  45.11030851  042.10261333
111  45.11021688  042.10263643
112  45.11021688  042.10263643  45.11039504  042.10259476 1
116  45.11054297  042.10293102  45.11057575  042.10312792
21  45.11090959  042.12450469 2 255.6000 2.7 PAPI 25
21  45.10764708  042.10111019 2 75.6000 3.2 PAPI 07
20  45.11001179  042.10709896 346.7300 0 2 {@Y}{^l}M{@L}B
20  45.10828281  042.09571867 346.7300 0 2 {@L}A{@Y}M{^r}
20  45.10859546  042.10689531 76.5600 0 3 {@Y}{^l}B
20  45.10894052  042.10888502 256.1200 0 3 {@Y}B{^r}
20  45.10687846  042.09767700 256.1200 0 3 {@Y}A{^r}
20  45.10746024  042.09661825 166.8900 0 2 {@L}A{@R}25-07
20  45.10735093  042.09600509 164.2000 0 2 {@R}25-07{@L}A
20  45.10950415  042.10787823 166.8900 0 2 {@L}B{@R}25-07
20  45.10940884  042.10730605 166.8900 0 2 {@R}25-07{@L}B
14  45.11249405  042.10530069  82.02 0 Tower
15  45.10937286  042.09634278  75.60 12
15  45.10961160  042.09773186  75.60 11
15  45.10986015  042.09910355  75.60 10
15  45.11010989  042.10048179  75.60 9
15  45.11035948  042.10185919  75.60 8
15  45.11060521  042.10327439  75.60 7
15  45.11090909  042.10476348 255.60 6
15  45.11132643  042.10461168 255.60 5
15  45.11174360  042.10440134 255.60 4
15  45.11121864  042.10603217 255.60 3
15  45.11159677  042.10589890 255.60 2
15  45.11195378  042.10577923 255.60 1
15  45.11113000  042.10746400 345.60 0
54 12090 Tower/Ground
55 12030 Approach Control/Radar
51 12400 Secondary Frequency
99
