I
1000 Generated by WorldEditor

1    279 1 0 URRR Rostov-Na-Donu
100 45.11 2 0 0.00 1 2 1 04  47.25035662  039.80616668    0    0 3 2 1 2 22  47.26612139  039.82980524    0    0 3 1 0 0
110 2 0.00 0.0000 Concrete underlay
111  47.25081285  039.80628265
111  47.25083019  039.80625249
112  47.25084157  039.80603513  47.25087484  039.80598487
111  47.25084157  039.80603513
111  47.25089764  039.80595525
111  47.25090479  039.80596639
111  47.25092758  039.80593578
111  47.25091972  039.80592365
111  47.25133529  039.80533249
111  47.25167819  039.80535842
111  47.25170504  039.80507314
111  47.25160327  039.80506689
112  47.25158207  039.80502316  47.25157126  039.80499065
111  47.25158207  039.80502316
112  47.25158207  039.80502316  47.25157982  039.80500857
112  47.25159055  039.80495861  47.25160586  039.80493207
111  47.25159055  039.80495861
112  47.25159055  039.80495861  47.25166621  039.80486506
112  47.25184214  039.80478995  47.25189484  039.80477469
111  47.25184214  039.80478995
112  47.25184214  039.80478995  47.25187367  039.80478397
112  47.25188936  039.80483576  47.25189792  039.80486429
112  47.25187889  039.80490864  47.25186583  039.80492124
111  47.25187889  039.80490864
111  47.25179409  039.80501900
112  47.25179409  039.80501900  47.25176797  039.80505417
111  47.25170504  039.80507314
111  47.25167819  039.80535842
111  47.25205557  039.80538757
111  47.25206405  039.80436932
111  47.25187465  039.80436724
111  47.25204709  039.80411736
112  47.25204709  039.80411736  47.25208537  039.80407821
112  47.25214838  039.80405705  47.25219027  039.80405639
111  47.25214838  039.80405705
112  47.25214838  039.80405705  47.25228620  039.80405970
112  47.25239983  039.80419440  47.25243541  039.80424748
111  47.25239983  039.80419440
112  47.25239983  039.80419440  47.25242460  039.80422758
112  47.25249312  039.80437252  47.25251371  039.80443057
111  47.25249312  039.80437252
111  47.25206405  039.80436932
111  47.25205557  039.80538757
111  47.25250222  039.80542506
111  47.25252907  039.80495653
111  47.25229868  039.80494195
111  47.25214321  039.80483159
111  47.25214302  039.80477638
111  47.25249232  039.80477120
111  47.25249374  039.80475455
111  47.25261247  039.80475455
111  47.25261247  039.80477745
111  47.25291918  039.80478995
112  47.25285275  039.80488990  47.25283897  039.80490165
111  47.25282307  039.80489823
112  47.25271848  039.80497735  47.25264449  039.80497415
111  47.25271848  039.80497735
111  47.25252907  039.80495653
111  47.25250222  039.80542506
111  47.25269021  039.80543963
111  47.25290558  039.80514767
112  47.25290558  039.80514767  47.25293749  039.80511133
112  47.25300212  039.80516331  47.25304201  039.80521888
111  47.25300212  039.80516331
111  47.25324347  039.80555017
111  47.25325698  039.80561702
111  47.25315465  039.80572938
111  47.25308611  039.80559568
111  47.25279649  039.80593561
111  47.25295095  039.80623429
111  47.25325119  039.80593134
111  47.25317396  039.80576920
111  47.25328498  039.80565400
111  47.25333132  039.80569666
111  47.25350992  039.80600103
111  47.25352025  039.80600189
111  47.25552731  039.80924364
111  47.25565474  039.80906528
111  47.25619739  039.80993676
111  47.25595421  039.81029348
111  47.25611881  039.81055477
111  47.25627066  039.81036546
111  47.25802302  039.81325961
111  47.25827310  039.81364924
111  47.25884229  039.81458010
111  47.25774750  039.81616427
112  47.25774750  039.81616427  47.25769535  039.81622168
112  47.25747012  039.81620120  47.25740479  039.81616234
111  47.25747012  039.81620120
111  47.25741917  039.81614557
111  47.25740893  039.81615905
111  47.25783225  039.81679928
111  47.25784902  039.81678411
112  47.25784902  039.81678411  47.25782324  039.81654829
112  47.25790667  039.81632890  47.25798459  039.81621762
111  47.25790667  039.81632890
111  47.25789811  039.81631364
111  47.25914128  039.81451668
111  47.26064869  039.81698838
111  47.26089506  039.81661127
111  47.26335296  039.82061326
112  47.26335296  039.82061326  47.26343695  039.82074129
112  47.26352548  039.82118357  47.26353127  039.82133294
111  47.26352548  039.82118357
111  47.26358389  039.82118670
111  47.26356862  039.82354034
112  47.26356862  039.82354034  47.26356645  039.82359164
112  47.26355244  039.82367814  47.26354519  039.82372516
112  47.26347152  039.82397051  47.26344178  039.82404533
111  47.26347152  039.82397051
111  47.26324013  039.82431765
112  47.26316798  039.82439409  47.26313687  039.82440350
112  47.26292941  039.82438988  47.26285549  039.82436555
111  47.26292941  039.82438988
111  47.26290659  039.82441475
111  47.26337515  039.82525802
111  47.26338614  039.82523581
112  47.26338614  039.82523581  47.26327445  039.82499833
112  47.26330406  039.82468799  47.26332959  039.82452692
111  47.26330406  039.82468799
112  47.26330406  039.82468799  47.26332401  039.82461157
111  47.26339709  039.82447331
111  47.26344009  039.82440994
111  47.26343132  039.82439442
111  47.26380898  039.82384707
112  47.26380898  039.82384707  47.26387372  039.82377022
111  47.26394405  039.82374056
111  47.26395594  039.82379973
111  47.26410709  039.82374861
111  47.26423430  039.82383003
111  47.26654356  039.82728722
112  47.26654356  039.82728722  47.26664789  039.82745104
112  47.26671829  039.82767757  47.26673539  039.82778342
112  47.26675739  039.82804087  47.26675397  039.82813413
112  47.26666803  039.82845944  47.26661330  039.82857789
111  47.26666803  039.82845944
111  47.26645341  039.82877454
111  47.26619570  039.82896500
112  47.26604491  039.82898852  47.26593461  039.82897880
111  47.26604491  039.82898852
112  47.26604491  039.82898852  47.26595379  039.82896908
111  47.26567862  039.82871326
111  47.26625464  039.82958460
111  47.26650391  039.82922407
111  47.26651742  039.82921980
111  47.26651742  039.82925252
111  47.26653866  039.82923687
111  47.26677942  039.82889473
112  47.26677942  039.82889473  47.26726343  039.82816133
112  47.26669547  039.82694265  47.26637394  039.82644363
111  47.26669547  039.82694265
111  47.26436595  039.82345691
111  47.26434471  039.82348821
111  47.26396477  039.82291866
112  47.26396477  039.82291866  47.26390403  039.82283603
112  47.26376096  039.82220053  47.26375863  039.82192340
111  47.26376096  039.82220053
111  47.26377012  039.82009578
111  47.26358058  039.82009140
111  47.26358018  039.82021105
111  47.26354550  039.82023310
111  47.25961300  039.81384185
111  47.25969215  039.81371708
111  47.25849251  039.81177511
111  47.25903878  039.81105626
111  47.25537016  039.80503207
111  47.25552775  039.80481543
111  47.25415292  039.80270616
111  47.25407643  039.80281108
111  47.25345489  039.80178119
111  47.25316514  039.80130341
111  47.25278405  039.80066371
111  47.25344708  039.79987742
111  47.25333614  039.79969427
111  47.25292874  039.80020772
111  47.25238698  039.79932397
111  47.25229834  039.79926320
111  47.25207986  039.79891764
111  47.25047286  039.80096816
111  47.25191381  039.80337671
112  47.25191381  039.80337671  47.25198035  039.80356040
112  47.25192445  039.80388449  47.25184293  039.80400636
111  47.25192445  039.80388449
111  47.25148566  039.80452497
111  47.25146204  039.80446117
112  47.25132032  039.80461610  47.25123565  039.80473088
111  47.25132032  039.80461610
113  47.25047854  039.80583387
110 1 0.00 0.0000 Asphalt underlay
111  47.25294649  039.80455643
111  47.25833684  039.81164990
111  47.25901166  039.81105332
111  47.25931464  039.80967348
111  47.25824438  039.80815427
111  47.25798628  039.80847269
111  47.25764423  039.80788855
111  47.25779349  039.80768467
111  47.25728197  039.80666986
111  47.25708762  039.80690581
111  47.25694302  039.80667215
111  47.25673304  039.80695892
111  47.25642762  039.80645850
111  47.25650222  039.80633436
111  47.25593175  039.80529216
111  47.25583434  039.80541629
111  47.25559123  039.80500381
111  47.25570357  039.80485252
111  47.25417210  039.80228845
111  47.25393690  039.80258713
111  47.25345109  039.80177720
111  47.25407664  039.80102686
111  47.25341042  039.79981889
111  47.25296282  039.80031799
111  47.25208317  039.79890328
111  47.25045415  039.80096844
111  47.25185591  039.80331824
112  47.25185591  039.80331824  47.25194299  039.80348877
112  47.25188564  039.80379853  47.25180706  039.80392213
111  47.25188564  039.80379853
113  47.25132032  039.80461610
110 2 0.00 0.0000 04/22 underlay
111  47.26567862  039.82871326
111  47.26337515  039.82525802
111  47.26290659  039.82441475
111  47.25783225  039.81679928
111  47.25740893  039.81615905
111  47.25081285  039.80628265
111  47.25047854  039.80583387
111  47.25014819  039.80556674
111  47.24995829  039.80584261
111  47.25018050  039.80646041
111  47.26277276  039.82533996
111  47.26281648  039.82527600
111  47.26597665  039.83001482
111  47.26632988  039.83038277
111  47.26650971  039.83013383
113  47.26626614  039.82959537
130 Border
111  47.24554047  039.80194342
111  47.24586896  039.80221081
111  47.24617152  039.80450270
111  47.24571336  039.80478282
111  47.24598134  039.80783871
111  47.24602456  039.81233340
111  47.24670747  039.81240980
111  47.24685443  039.81211694
111  47.24719156  039.81210420
111  47.24714834  039.81322471
111  47.24653458  039.81307191
111  47.24651730  039.81270266
111  47.24600727  039.81263899
111  47.24605050  039.81444708
111  47.24612830  039.82015148
111  47.24603321  039.82211242
111  47.24665561  039.82348760
111  47.24697545  039.82355127
111  47.24709647  039.82646727
111  47.24917114  039.82641639
111  47.24930946  039.82300362
111  47.24936132  039.82271073
111  47.25014797  039.82236690
111  47.25064935  039.82235416
111  47.25301793  039.81965443
111  47.25321675  039.81947614
111  47.25331184  039.81929785
111  47.25357117  039.81924691
111  47.25357117  039.81914503
111  47.25349337  039.81885212
111  47.25351931  039.81862289
111  47.25373542  039.81843187
111  47.25397746  039.81826631
111  47.25447020  039.81847007
111  47.25474682  039.81883939
111  47.25508395  039.81917050
111  47.25523091  039.81988366
111  47.25612993  039.82007469
111  47.25711540  039.82071144
111  47.26092761  039.82604776
111  47.26139441  039.82720677
111  47.26468795  039.83208493
111  47.26481761  039.83292573
111  47.26598462  039.83450519
111  47.26792097  039.83715472
111  47.26824946  039.83730758
111  47.26843100  039.83687440
111  47.26850015  039.83649223
111  47.26869898  039.83635210
111  47.26884593  039.83637758
111  47.26907069  039.83658140
111  47.26915713  039.83696358
111  47.26964122  039.83692536
111  47.27277051  039.84041587
111  47.27321138  039.83944770
111  47.27225185  039.83776614
111  47.27186285  039.83486165
111  47.27060076  039.83371516
111  47.26952020  039.83232656
111  47.26809386  039.83009736
111  47.26739366  039.82830126
111  47.26805929  039.82791911
111  47.26405690  039.82204695
111  47.26398775  039.81874800
111  47.26447184  039.81792008
111  47.26232801  039.81372962
111  47.25431227  039.79906520
111  47.25216525  039.79861957
111  47.25067211  039.79930252
111  47.25001824  039.80012916
111  47.24947661  039.79924501
111  47.24642200  039.79933135
111  47.24603163  039.79895758
111  47.24551928  039.79977699
113  47.24546560  039.80021544
120 Linear Feature 3
112  47.25459835  039.80578094  47.25448251  039.80587571 1
112  47.25431407  039.80574186  47.25426235  039.80565865 1
116  47.25432689  039.80533842  47.25439089  039.80522608
120 Linear Feature 3
112  47.25487838  039.80625022  47.25476254  039.80634500 1
112  47.25459409  039.80621115  47.25454237  039.80612793 1
116  47.25460692  039.80580771  47.25467092  039.80569537
120 Linear Feature 3
112  47.25514615  039.80669888  47.25503031  039.80679366 1
112  47.25486187  039.80665981  47.25481015  039.80657660 1
116  47.25487469  039.80625637  47.25493870  039.80614403
120 Linear Feature 3
112  47.25541743  039.80713465  47.25530159  039.80722943 1
112  47.25513314  039.80709558  47.25508142  039.80701236 1
116  47.25514597  039.80669214  47.25520997  039.80657980
120 Linear Feature 3
112  47.25569046  039.80757558  47.25557461  039.80767035 1
112  47.25540617  039.80753651  47.25535445  039.80745329 1
116  47.25541899  039.80713307  47.25548300  039.80702073
120 Linear Feature 3
112  47.25596173  039.80801136  47.25584589  039.80810613 1
112  47.25567744  039.80797228  47.25562572  039.80788907 1
116  47.25569027  039.80756884  47.25575427  039.80745651
120 Linear Feature 1
112  47.25821475  039.81192175  47.25816577  039.81184476 1
112  47.25819384  039.81145798  47.25828068  039.81132456
111  47.25819384  039.81145798
112  47.25819384  039.81145798  47.25807508  039.81159578 1
112  47.25789747  039.81140549  47.25783579  039.81130958 1
112  47.25792767  039.81102130  47.25802787  039.81088372
111  47.25792767  039.81102130
112  47.25792767  039.81102130  47.25780446  039.81120415 1
112  47.25767325  039.81104345  47.25764045  039.81098789
111  47.25767325  039.81104345
112  47.25767325  039.81104345  47.25760482  039.81093649 1
112  47.25771621  039.81067966  47.25782495  039.81055575
111  47.25771621  039.81067966
112  47.25771621  039.81067966  47.25760599  039.81083243 1
112  47.25744857  039.81067909  47.25739223  039.81058362
111  47.25744857  039.81067909
112  47.25744857  039.81067909  47.25740411  039.81061424 1
112  47.25750474  039.81033441  47.25762269  039.81018568
111  47.25750474  039.81033441
112  47.25750474  039.81033441  47.25738636  039.81049199 1
112  47.25724882  039.81035653  47.25720555  039.81029037 1
112  47.25729573  039.80998795  47.25741085  039.80986044
111  47.25729573  039.80998795
112  47.25729573  039.80998795  47.25715856  039.81017562 1
112  47.25703413  039.81000729  47.25697779  039.80994233
111  47.25703413  039.81000729
112  47.25703413  039.81000729  47.25697289  039.80992549 1
112  47.25708753  039.80964872  47.25718551  039.80953564
111  47.25708753  039.80964872
112  47.25708753  039.80964872  47.25697159  039.80982435 1
112  47.25683556  039.80968670  47.25676290  039.80960971
111  47.25683556  039.80968670
112  47.25683556  039.80968670  47.25678249  039.80958565 1
112  47.25687688  039.80930588  47.25698711  039.80917717
111  47.25687688  039.80930588
112  47.25687688  039.80930588  47.25677809  039.80944903 1
112  47.25661219  039.80933351  47.25653463  039.80921442
111  47.25661219  039.80933351
112  47.25661219  039.80933351  47.25657953  039.80927457 1
112  47.25665889  039.80895823  47.25679034  039.80880666
111  47.25665889  039.80895823
112  47.25665889  039.80895823  47.25652662  039.80914469 1
116  47.25638619  039.80906168  47.25632251  039.80903281
120 Linear Feature 7
112  47.25902674  039.81364268  47.25909365  039.81352286 1
112  47.25903135  039.81324440  47.25897376  039.81313973
111  47.25903135  039.81324440
112  47.25903135  039.81324440  47.25896212  039.81313156 1
112  47.25875532  039.81320787  47.25869355  039.81328181
111  47.25875532  039.81320787
112  47.25875532  039.81320787  47.25880606  039.81311686 1
112  47.25876370  039.81281103  47.25869765  039.81268379
111  47.25876370  039.81281103
112  47.25876370  039.81281103  47.25867659  039.81267562 1
112  47.25848259  039.81276891  47.25841276  039.81283424
111  47.25848259  039.81276891
112  47.25848259  039.81276891  47.25853902  039.81268205 1
112  47.25849274  039.81237157  47.25842674  039.81224982
111  47.25849274  039.81237157
112  47.25849274  039.81237157  47.25840407  039.81224314 1
112  47.25821102  039.81233165  47.25814401  039.81240292
111  47.25821102  039.81233165
112  47.25821102  039.81233165  47.25827048  039.81224776 1
112  47.25821475  039.81192175  47.25814019  039.81179332
111  47.25821475  039.81192175
112  47.25821475  039.81192175  47.25812255  039.81179035 1
112  47.25793693  039.81188549  47.25786892  039.81195230
111  47.25793693  039.81188549
112  47.25793693  039.81188549  47.25799840  039.81180754 1
112  47.25795331  039.81149692  47.25789436  039.81140709
111  47.25795331  039.81149692
112  47.25795331  039.81149692  47.25785557  039.81135364 1
112  47.25766486  039.81145047  47.25759634  039.81152174
111  47.25766486  039.81145047
112  47.25766486  039.81145047  47.25772935  039.81137252 1
112  47.25767325  039.81104345  47.25760221  039.81092244
111  47.25767325  039.81104345
112  47.25767325  039.81104345  47.25757853  039.81091131 1
112  47.25739430  039.81100654  47.25732829  039.81107632
111  47.25739430  039.81100654
112  47.25739430  039.81100654  47.25745476  039.81092785 1
112  47.25739682  039.81059528  47.25731822  039.81046240
111  47.25739682  039.81059528
112  47.25739682  039.81059528  47.25729504  039.81045943 1
112  47.25712069  039.81056462  47.25704835  039.81063064
111  47.25712069  039.81056462
112  47.25712069  039.81056462  47.25718622  039.81047582 1
112  47.25713713  039.81017307  47.25707036  039.81004534
111  47.25713713  039.81017307
112  47.25713713  039.81017307  47.25704164  039.81002678 1
112  47.25685140  039.81012783  47.25678550  039.81019928
111  47.25685140  039.81012783
112  47.25685140  039.81012783  47.25691196  039.81004710 1
112  47.25686369  039.80973119  47.25679652  039.80960036
111  47.25686369  039.80973119
112  47.25686369  039.80973119  47.25675420  039.80958329 1
112  47.25657827  039.80969385  47.25650775  039.80976859
111  47.25657827  039.80969385
112  47.25657827  039.80969385  47.25664530  039.80961195 1
116  47.25661219  039.80933351  47.25656497  039.80923583
120 Linear Feature 6
112  47.25927682  039.81415269  47.25933293  039.81405589 1
112  47.25932911  039.81381959  47.25932791  039.81377084
111  47.25932911  039.81381959
112  47.25932911  039.81381959  47.25932690  039.81379459 1
112  47.25929776  039.81367655  47.25927541  039.81362822
111  47.25929776  039.81367655
112  47.25929776  039.81367655  47.25922603  039.81360150 1
116  47.25903136  039.81365377  47.25893328  039.81374858
120 Linear Feature 5
111  47.25918044  039.81437629 2
115  47.25997240  039.81566477
120 Linear Feature 4
112  47.25916849  039.81430932  47.25916400  039.81431578 1
116  47.25916643  039.81435360  47.25917192  039.81436403
120 Linear Feature 3
112  47.25913847  039.81435236  47.25914490  039.81434400 1
112  47.25916643  039.81435360  47.25917171  039.81436159
111  47.25916643  039.81435360 1
115  47.25918044  039.81437629
120 Linear Feature 2
111  47.25692790  039.81598030 1
111  47.25729187  039.81652611
112  47.25729187  039.81652611  47.25738368  039.81665819 1
116  47.25766351  039.81648864  47.25777583  039.81632314
120 Linear Feature 1
112  47.25956995  039.81411846  47.25949683  039.81400293 1
112  47.25927682  039.81415269  47.25922633  039.81426781
111  47.25927682  039.81415269 1
111  47.25916849  039.81430932 1
111  47.25913847  039.81435236 1
111  47.25766351  039.81648864
112  47.25766351  039.81648864  47.25752784  039.81667407 1
112  47.25763495  039.81704888  47.25772778  039.81719617
111  47.25763495  039.81704888 1
115  47.25802858  039.81763148
120 Linear Feature 6
112  47.25989924  039.81465119  47.25987065  039.81460998 1
112  47.25978703  039.81457313  47.25973044  039.81455820
111  47.25978703  039.81457313
112  47.25978703  039.81457313  47.25974367  039.81456186 1
112  47.25962972  039.81455331  47.25954927  039.81455166
111  47.25962972  039.81455331
112  47.25962972  039.81455331  47.25961835  039.81455776 1
112  47.25957323  039.81460570  47.25953812  039.81464841
111  47.25957323  039.81460570
112  47.25957323  039.81460570  47.25969984  039.81444601 1
116  47.25963945  039.81423122  47.25960530  039.81416352
120 Linear Feature 5
112  47.26010484  039.81498521  47.26006893  039.81492690 1
112  47.25984760  039.81504400  47.25973181  039.81519841
111  47.25984760  039.81504400
112  47.25984760  039.81504400  47.25994190  039.81492001 1
112  47.25995066  039.81478803  47.25995538  039.81474577
111  47.25995066  039.81478803
112  47.25995066  039.81478803  47.25995308  039.81475363 1
116  47.25993564  039.81471031  47.25992392  039.81469088
120 Linear Feature 4
112  47.26037455  039.81542164  47.26035263  039.81539523 1
112  47.26030056  039.81537871  47.26025952  039.81537596
111  47.26030056  039.81537871
112  47.26030056  039.81537871  47.26026152  039.81538676 1
112  47.26012194  039.81549308  47.26002707  039.81561441
111  47.26012194  039.81549308
112  47.26012194  039.81549308  47.26020962  039.81537488 1
112  47.26021897  039.81523821  47.26022266  039.81519992
111  47.26021897  039.81523821
112  47.26021897  039.81523821  47.26022175  039.81520059 1
116  47.26019378  039.81512784  47.26017437  039.81509414
120 Linear Feature 3
112  47.26067906  039.81591613  47.26065534  039.81588613 1
112  47.26058851  039.81585398  47.26054706  039.81584832
111  47.26058851  039.81585398
112  47.26058851  039.81585398  47.26053905  039.81586012 1
112  47.26039650  039.81594684  47.26031622  039.81601468
111  47.26039650  039.81594684
112  47.26039650  039.81594684  47.26046488  039.81585832 1
112  47.26049324  039.81570820  47.26050271  039.81565163
111  47.26049324  039.81570820
112  47.26049324  039.81570820  47.26050021  039.81565531 1
116  47.26046906  039.81557564  47.26043855  039.81551803
120 Linear Feature 2
112  47.26074197  039.81601793  47.26075728  039.81604292 1
116  47.26067498  039.81638537  47.26055293  039.81655094
120 Linear Feature 1
111  47.26094637  039.81635252 1
111  47.26074197  039.81601793 1
111  47.26067906  039.81591613 1
111  47.26046906  039.81557564 1
111  47.26037455  039.81542164 1
111  47.26019378  039.81512784 1
111  47.26010484  039.81498521 1
111  47.25993564  039.81471031 1
111  47.25989924  039.81465119 1
111  47.25963945  039.81423122 1
111  47.25956995  039.81411846 1
111  47.25929776  039.81367655 1
111  47.25903135  039.81324440 1
111  47.25876370  039.81281103 1
111  47.25849274  039.81237157 1
111  47.25821475  039.81192175 1
111  47.25795331  039.81149692 1
111  47.25789747  039.81140549 1
111  47.25767325  039.81104345 1
111  47.25744857  039.81067909 1
111  47.25739682  039.81059528 1
111  47.25724882  039.81035653 1
111  47.25713713  039.81017307 1
111  47.25703413  039.81000729 1
111  47.25686369  039.80973119 1
111  47.25683556  039.80968670 1
115  47.25663824  039.80936427
120 Linear Feature 2
112  47.25381546  039.80533126  47.25390702  039.80521668 1
112  47.25384929  039.80498200  47.25379548  039.80486930
111  47.25384929  039.80498200
112  47.25384929  039.80498200  47.25378935  039.80489970 1
116  47.25360468  039.80499255  47.25352268  039.80512267
120 Linear Feature 2
112  47.25403181  039.80568349  47.25412338  039.80556891 1
112  47.25406564  039.80533422  47.25401184  039.80522152
111  47.25406564  039.80533422
112  47.25406564  039.80533422  47.25400570  039.80525192 1
116  47.25382104  039.80534478  47.25373903  039.80547490
120 Linear Feature 2
112  47.25424422  039.80602844  47.25433578  039.80591386 1
112  47.25427805  039.80567917  47.25422424  039.80556647
111  47.25427805  039.80567917
112  47.25427805  039.80567917  47.25421810  039.80559687 1
116  47.25403344  039.80568973  47.25395144  039.80581985
120 Linear Feature 2
112  47.25445465  039.80637485  47.25454621  039.80626026 1
112  47.25448847  039.80602558  47.25443467  039.80591288
111  47.25448847  039.80602558
112  47.25448847  039.80602558  47.25442853  039.80594328 1
116  47.25424387  039.80603614  47.25416187  039.80616626
120 Linear Feature 2
112  47.25466310  039.80671252  47.25475466  039.80659794 1
112  47.25469692  039.80636326  47.25464312  039.80625056
111  47.25469692  039.80636326
112  47.25469692  039.80636326  47.25463698  039.80628096 1
116  47.25445232  039.80637382  47.25437032  039.80650393
120 Linear Feature 2
112  47.25487056  039.80706184  47.25496212  039.80694726 1
112  47.25490439  039.80671258  47.25485058  039.80659988
111  47.25490439  039.80671258
112  47.25490439  039.80671258  47.25484445  039.80663028 1
116  47.25465978  039.80672313  47.25457778  039.80685325
120 Linear Feature 2
112  47.25508593  039.80740971  47.25517749  039.80729513 1
112  47.25511976  039.80706044  47.25506595  039.80694774
111  47.25511976  039.80706044
112  47.25511976  039.80706044  47.25505981  039.80697814 1
116  47.25487515  039.80707100  47.25479315  039.80720112
120 Linear Feature 2
112  47.25530130  039.80774302  47.25539286  039.80762844 1
112  47.25533512  039.80739376  47.25528131  039.80728106
111  47.25533512  039.80739376
112  47.25533512  039.80739376  47.25527518  039.80731146 1
116  47.25509052  039.80740431  47.25500851  039.80753443
120 Linear Feature 2
112  47.25550481  039.80808944  47.25559637  039.80797485 1
111  47.25550481  039.80808944
112  47.25550481  039.80808944  47.25559637  039.80797485 1
112  47.25553863  039.80774017  47.25548483  039.80762747
111  47.25553863  039.80774017
112  47.25553863  039.80774017  47.25547869  039.80765787 1
116  47.25529403  039.80775073  47.25521202  039.80788085
120 Linear Feature 2
112  47.25595850  039.80843010  47.25589856  039.80834780 1
116  47.25571390  039.80844065  47.25563189  039.80857077
120 Linear Feature 2
112  47.25571523  039.80843876  47.25580680  039.80832418 1
112  47.25574906  039.80808950  47.25569525  039.80797680
111  47.25574906  039.80808950
112  47.25574906  039.80808950  47.25568912  039.80800720 1
116  47.25550446  039.80810006  47.25542245  039.80823018
120 Linear Feature 2
112  47.25571523  039.80843876  47.25580680  039.80832418 1
112  47.25574906  039.80808950  47.25569525  039.80797680
111  47.25574906  039.80808950
112  47.25574906  039.80808950  47.25568912  039.80800720 1
116  47.25550446  039.80810006  47.25542245  039.80823018
120 Linear Feature 22
111  47.25126158  039.80526029 4
115  47.25113059  039.80506060
120 Linear Feature 21
111  47.25828145  039.81574457 4
115  47.25817518  039.81558657
120 Linear Feature 20
111  47.26688450  039.82856685 4
115  47.26671066  039.82844273
120 Linear Feature 19
111  47.26373874  039.82393309 4
115  47.26357103  039.82368592
120 Linear Feature 2
112  47.26348372  039.82414377  47.26362587  039.82390002 1
112  47.26366510  039.82346915  47.26366945  039.82324163
111  47.26366510  039.82346915 1
111  47.26367437  039.82258044 1
111  47.26367842  039.82104839
112  47.26367842  039.82104839  47.26365366  039.82086168 1
112  47.26356767  039.82061851  47.26348721  039.82048173
111  47.26356767  039.82061851 1
111  47.26346882  039.82045786 1
111  47.26094637  039.81635252
112  47.26094637  039.81635252  47.26089016  039.81625969 1
116  47.26067498  039.81638537  47.26060423  039.81647963
120 Linear Feature 24
112  47.26309514  039.82470217  47.26301140  039.82481974 1
112  47.26275394  039.82472693  47.26266295  039.82459770
111  47.26275394  039.82472693 1
115  47.26248103  039.82432322
120 Linear Feature 1
111  47.26422088  039.82352700 1
111  47.26378713  039.82287811
112  47.26378713  039.82287811  47.26372440  039.82278373 1
116  47.26367437  039.82258044  47.26365654  039.82246850
120 Linear Feature 23
111  47.26525482  039.82848341 1
111  47.26565546  039.82909087
112  47.26565546  039.82909087  47.26577753  039.82922720 1
112  47.26614878  039.82927154  47.26630297  039.82928101
111  47.26614878  039.82927154
112  47.26614878  039.82927154  47.26628241  039.82926018 1
112  47.26639882  039.82914351  47.26647206  039.82905641
111  47.26639882  039.82914351
112  47.26639882  039.82914351  47.26646050  039.82908670 1
112  47.26669423  039.82871245  47.26677518  039.82857422
111  47.26669423  039.82871245
112  47.26669423  039.82871245  47.26677647  039.82857990 1
112  47.26688152  039.82798832  47.26687587  039.82768060
111  47.26688152  039.82798832
112  47.26688152  039.82798832  47.26686647  039.82763901 1
112  47.26658997  039.82707783  47.26635105  039.82672852
111  47.26658997  039.82707783 1
111  47.26422088  039.82352700
112  47.26422088  039.82352700  47.26405773  039.82334633 1
112  47.26391485  039.82353553  47.26384148  039.82361947
111  47.26391485  039.82353553 1
111  47.26348372  039.82414377 1
111  47.26309514  039.82470217
112  47.26309514  039.82470217  47.26301140  039.82481974 1
112  47.26305075  039.82518414  47.26311466  039.82528667
111  47.26305075  039.82518414 1
115  47.26339735  039.82570062
120 Linear Feature 10
111  47.26584123  039.82887349 3
111  47.26598450  039.82897684 3
112  47.26607381  039.82900334  47.26611398  039.82900687
111  47.26607381  039.82900334
112  47.26607381  039.82900334  47.26615654  039.82901041 3
112  47.26626443  039.82895741  47.26630759  039.82893444
111  47.26626443  039.82895741 3
111  47.26644546  039.82885229 3
112  47.26653358  039.82876837  47.26656475  039.82872244 3
112  47.26668764  039.82849895  47.26672439  039.82840314
111  47.26668764  039.82849895
112  47.26668764  039.82849895  47.26685159  039.82812403 3
112  47.26656990  039.82724018  47.26632114  039.82687984
111  47.26656990  039.82724018 3
111  47.26425101  039.82377068
112  47.26425101  039.82377068  47.26422686  039.82374027 3
112  47.26405944  039.82368289  47.26399077  039.82367567
111  47.26405944  039.82368289
112  47.26405944  039.82368289  47.26397442  039.82369413 3
112  47.26379661  039.82384943  47.26372958  039.82393696
111  47.26379661  039.82384943 3
111  47.26337024  039.82446822
112  47.26337024  039.82446822  47.26334155  039.82451640 3
112  47.26326744  039.82475354  47.26326021  039.82482314
111  47.26326744  039.82475354
112  47.26326744  039.82475354  47.26326382  039.82478133 3
116  47.26326277  039.82487575  47.26326459  039.82491452
120 Linear Feature 18
112  47.25192268  039.80339173  47.25199917  039.80358115 3
112  47.25194858  039.80386030  47.25189846  039.80393802
111  47.25194858  039.80386030 3
111  47.25109896  039.80510696 3
115  47.25056884  039.80586758
120 Linear Feature 17
112  47.25188080  039.80465770  47.25178778  039.80467192 3
112  47.25150016  039.80491380  47.25137642  039.80508835
111  47.25150016  039.80491380 3
111  47.25089857  039.80578757
112  47.25089857  039.80578757  47.25085348  039.80585471 3
112  47.25080378  039.80601998  47.25078396  039.80614916
111  47.25080378  039.80601998
112  47.25080378  039.80601998  47.25079982  039.80607982 3
115  47.25081037  039.80628323
120 Linear Feature 16
112  47.25249978  039.80437905  47.25251059  039.80442284
111  47.25249978  039.80437905 3
111  47.25186252  039.80437640 3
112  47.25203456  039.80412228  47.25207869  039.80406190
111  47.25203456  039.80412228
112  47.25203456  039.80412228  47.25204402  039.80410835 3
112  47.25213589  039.80404863  47.25217417  039.80404730
111  47.25213589  039.80404863
112  47.25213589  039.80404863  47.25226875  039.80405062 3
112  47.25240341  039.80418863  47.25247006  039.80428417
111  47.25240341  039.80418863
114  47.25240341  039.80418863  47.25243898  039.80424370 3
120 Linear Feature 15
111  47.25209781  039.80465230 3
111  47.25283795  039.80466451
112  47.25283795  039.80466451  47.25285994  039.80466501 3
112  47.25288996  039.80469609  47.25290181  039.80471902
111  47.25288996  039.80469609 3
115  47.25293504  039.80478076
120 Linear Feature 14
111  47.25913621  039.81450940 3
111  47.25785506  039.81636087
112  47.25785506  039.81636087  47.25783950  039.81638500 3
112  47.25782604  039.81644053  47.25781990  039.81647250
111  47.25782604  039.81644053
112  47.25782604  039.81644053  47.25781335  039.81650266 3
116  47.25782538  039.81676696  47.25783889  039.81683995
120 Linear Feature 13
111  47.25747012  039.81625395 3
112  47.25757964  039.81627212  47.25762596  039.81626007
111  47.25757964  039.81627212 3
111  47.25770149  039.81623258
112  47.25770149  039.81623258  47.25772368  039.81622409 3
112  47.25775952  039.81618662  47.25776987  039.81617057
111  47.25775952  039.81618662 3
115  47.25886273  039.81459215
120 Linear Feature 12
111  47.26360176  039.82020966 3
111  47.26354133  039.82026232
112  47.26354133  039.82026232  47.26352152  039.82027825 3
112  47.26347102  039.82025036  47.26345210  039.82021651
111  47.26347102  039.82025036 3
115  47.25956830  039.81390780
120 Linear Feature 11
111  47.26288897  039.82440541 3
111  47.26296620  039.82442532
112  47.26296620  039.82442532  47.26305985  039.82442675 3
112  47.26320755  039.82438122  47.26325582  039.82431579
111  47.26320755  039.82438122 3
111  47.26344311  039.82404408
112  47.26344311  039.82404408  47.26352172  039.82389369 3
112  47.26358888  039.82340251  47.26358695  039.82304829
111  47.26358888  039.82340251 3
111  47.26360144  039.82121319
112  47.26360144  039.82121319  47.26357634  039.82101688 3
112  47.26335236  039.82047489  47.26318052  039.82019037
111  47.26335236  039.82047489 3
115  47.26094080  039.81655015
120 Linear Feature 9
111  47.26376678  039.81999293 3
111  47.26375185  039.82216309
112  47.26375185  039.82216309  47.26375419  039.82237825 3
112  47.26396002  039.82292845  47.26408384  039.82311779
111  47.26396002  039.82292845 3
111  47.26669598  039.82702257
112  47.26669598  039.82702257  47.26695177  039.82738881 3
112  47.26697308  039.82817985  47.26694094  039.82855852
111  47.26697308  039.82817985
112  47.26697308  039.82817985  47.26696357  039.82831452 3
112  47.26673494  039.82886992  47.26656870  039.82912025
111  47.26673494  039.82886992 3
115  47.26624810  039.82957461
120 Linear Feature 8
111  47.26335487  039.82525134 59
115  47.26568898  039.82875292
120 Linear Feature 7
111  47.25775405  039.81684086 59
115  47.26283532  039.82446893
120 Linear Feature 6
111  47.25088324  039.80655273 59
115  47.25741657  039.81633420
120 Linear Feature 5
111  47.26574973  039.82965075 59
115  47.25048286  039.80675789
21  47.26254986  039.82541451 2 225.5100 2.7 PAPI 22
21  47.25253671  039.80845462 2 45.4100 2.7 PAPI 04
50 12170 Rostov ATIS
56 11970 Rostov Start Tower
53 11900 Rostov Taxiing Ground Control
55 12820 Rostov Approach Control
54 12120 Rostov Radar
99
