I
1000 Generated by WorldEditor

1    305 1 0 UUDL YAROSLAVL'
100 44.00 1 0 0.00 0 2 1 05  57.55484900  040.13579200    0    0 5 1 0 0 23  57.56656800  040.17915600    0    0 5 1 0 0
110 2 0.00 243.2700 New Taxiway 36
111  57.55609904  040.14766578
111  57.55606129  040.14810067
111  57.55605817  040.14812690
111  57.55605444  040.14814829
111  57.55604805  040.14817636
111  57.55603985  040.14820308
111  57.55602912  040.14822732
111  57.55591140  040.14835908
111  57.55603597  040.14883165
111  57.55611057  040.14842605
111  57.55612050  040.14841329
111  57.55613151  040.14841293
111  57.55614576  040.14841207
111  57.55623444  040.14843771
111  57.55625595  040.14845085
111  57.55628223  040.14847153
111  57.55631442  040.14850664
111  57.55632712  040.14852111
113  57.55633176  040.14852867
110 2 0.00 243.4000 New Taxiway 32
111  57.55527817  040.14967415
111  57.55530815  040.14964532
111  57.55530884  040.15029077
111  57.55533917  040.15027799
111  57.55534121  040.14961152
111  57.55563898  040.14932845
111  57.55554940  040.14899488
111  57.55566482  040.14887195
111  57.55560319  040.14864876
111  57.55547995  040.14873619
111  57.55540906  040.14847684
111  57.55520789  040.14865099
113  57.55499337  040.14861854
110 2 0.00 243.2700 New Taxiway 35
111  57.55710707  040.15140014
111  57.55710623  040.15144158
111  57.55710306  040.15148479
111  57.55709250  040.15156680
111  57.55707625  040.15164048
111  57.55704700  040.15170762
111  57.55701869  040.15174927
111  57.55696922  040.15179460
111  57.55693944  040.15180526
111  57.55691003  040.15180582
111  57.55687516  040.15179184
111  57.55684556  040.15177232
111  57.55682049  040.15174263
111  57.55694631  040.15220630
111  57.55694870  040.15213149
111  57.55695657  040.15206431
111  57.55697346  040.15202265
111  57.55700156  040.15197892
111  57.55709138  040.15189652
111  57.55711679  040.15188618
111  57.55715795  040.15188993
111  57.55718358  040.15189861
111  57.55720724  040.15190661
111  57.55722557  040.15191749
111  57.55723766  040.15193059
111  57.55724636  040.15194241
113  57.55725837  040.15196486
110 2 0.00 243.2700 New Taxiway 34
111  57.55793165  040.15446024
111  57.55793449  040.15451034
111  57.55793390  040.15455415
111  57.55792804  040.15463041
111  57.55791784  040.15469519
111  57.55790263  040.15476032
111  57.55788280  040.15482400
111  57.55784805  040.15490023
111  57.55780801  040.15496986
111  57.55775398  040.15501373
111  57.55772176  040.15501401
111  57.55769056  040.15497098
111  57.55902569  040.15992611
111  57.55897738  040.15997689
111  57.55912794  040.16007304
111  57.55923436  040.16022942
111  57.55944327  040.16097562
111  57.55960238  040.16097562
111  57.55965176  040.16114949
113  57.55977529  040.16129902
110 2 0.00 243.2700 New Taxiway 33
111  57.55560319  040.14864876
111  57.55800910  040.15748813
111  57.55814896  040.15734798
111  57.55888259  040.16007672
111  57.55902569  040.15992611
113  57.55591140  040.14835908
110 1 0.00 243.7000 New Taxiway 31
111  57.55504583  040.15013426
111  57.55521071  040.15000154
111  57.55520508  040.15028984
111  57.55530884  040.15029077
111  57.55530815  040.14964532
111  57.55527817  040.14967415
111  57.55499337  040.14861854
111  57.55464427  040.14859337
111  57.55464314  040.14888506
111  57.55465985  040.14895381
113  57.55472355  040.14891889
110 1 0.00 332.8000 New Taxiway 28
111  57.56230024  040.16920801
111  57.56188674  040.16962499
111  57.56180251  040.16970837
111  57.56190173  040.17006469
111  57.56173583  040.17022310
111  57.56170235  040.17022593
111  57.56166800  040.17021272
111  57.56162504  040.17018090
111  57.56181040  040.17066233
111  57.56190933  040.17099333
111  57.56202540  040.17088694
111  57.56198798  040.17075628
111  57.56211196  040.17063487
111  57.56209026  040.17055957
111  57.56224208  040.17040882
111  57.56230391  040.17034902
111  57.56236950  040.17058458
113  57.56261588  040.17035548
110 2 0.00 232.2000 New Taxiway 26
111  57.56115026  040.16569740
111  57.56111489  040.16558989
111  57.56108323  040.16561840
111  57.56098380  040.16571124
111  57.56107077  040.16601682
111  57.56114608  040.16620882
111  57.56234208  040.16914855
111  57.56252909  040.16887150
111  57.56140730  040.16641730
113  57.56121513  040.16589731
110 2 0.00 242.5000 New Taxiway 25
111  57.56138048  040.16570601
111  57.56126572  040.16569422
111  57.56119677  040.16565514
111  57.56111489  040.16558989
111  57.56121513  040.16589731
111  57.56140730  040.16641730
111  57.56140348  040.16615548
111  57.56140551  040.16606482
111  57.56141409  040.16600923
111  57.56142723  040.16595906
113  57.56144395  040.16592412
110 1 0.00 243.2700 New Taxiway 24
111  57.56231490  040.16423375
111  57.56231780  040.16429328
111  57.56231744  040.16434234
111  57.56231386  040.16440871
111  57.56230888  040.16447194
111  57.56230399  040.16452725
111  57.56229711  040.16458357
111  57.56228968  040.16463415
111  57.56228035  040.16468523
111  57.56227010  040.16473423
111  57.56225550  040.16478668
111  57.56223889  040.16483798
111  57.56222400  040.16488141
111  57.56220340  040.16491858
111  57.56217484  040.16494950
111  57.56138048  040.16570601
111  57.56144395  040.16592412
111  57.56224309  040.16515646
111  57.56227541  040.16513064
111  57.56230906  040.16512631
111  57.56234139  040.16513084
111  57.56236889  040.16514186
111  57.56239717  040.16515770
111  57.56242327  040.16517601
111  57.56245220  040.16519725
111  57.56248337  040.16522040
111  57.56251699  040.16524719
111  57.56255560  040.16528127
111  57.56258699  040.16531375
111  57.56260586  040.16533688
113  57.56261786  040.16535475
110 2 0.00 243.0000 New Taxiway 21
111  57.56273029  040.17278529
111  57.56272269  040.17280252
111  57.56271673  040.17282008
111  57.56271221  040.17283704
111  57.56270828  040.17285411
111  57.56270528  040.17287209
111  57.56270312  040.17288994
111  57.56270189  040.17291032
111  57.56270286  040.17293095
111  57.56270550  040.17295169
112  57.56271415  040.17299143  57.56271417  040.17299153
111  57.56271415  040.17299143
112  57.56271415  040.17299143  57.56271418  040.17299153
111  57.56360739  040.17629700
111  57.56361167  040.17631118
111  57.56361694  040.17632654
111  57.56362524  040.17634295
111  57.56363492  040.17635227
111  57.56364246  040.17635630
111  57.56364980  040.17635782
111  57.56365864  040.17635812
111  57.56366806  040.17635446
111  57.56367444  040.17635080
113  57.56368379  040.17634395
110 1 0.00 243.0000 New Taxiway 22
111  57.56429509  040.17664895
111  57.56427079  040.17655769
111  57.56425642  040.17657199
111  57.56423373  040.17648977
111  57.56421856  040.17650370
111  57.56419518  040.17641922
111  57.56417365  040.17640909
111  57.56415593  040.17634698
111  57.56413268  040.17634544
111  57.56412210  040.17630885
111  57.56407642  040.17633392
111  57.56403486  040.17623524
111  57.56398774  040.17622508
111  57.56430588  040.17673330
111  57.56433241  040.17679629
111  57.56445589  040.17668389
113  57.56441619  040.17653773
110 1 0.00 242.5000 New Taxiway 19
111  57.56302136  040.17179594
111  57.56302835  040.17182381
111  57.56303408  040.17184647
111  57.56304042  040.17186992
111  57.56304658  040.17189653
111  57.56305335  040.17192679
111  57.56305875  040.17195574
111  57.56306320  040.17198658
111  57.56306557  040.17201745
111  57.56306476  040.17205035
111  57.56306042  040.17207714
111  57.56305526  040.17209181
111  57.56304575  040.17211104
111  57.56303301  040.17212824
111  57.56301862  040.17214443
111  57.56293913  040.17222132
111  57.56297086  040.17233466
111  57.56300298  040.17230301
111  57.56321216  040.17210499
111  57.56328599  040.17199002
113  57.56314612  040.17167662
110 2 0.00 243.5000 New Taxiway 20
111  57.56300140  040.17230146
111  57.56299937  040.17233506
111  57.56299547  040.17236972
111  57.56298829  040.17240393
111  57.56297914  040.17243426
111  57.56296332  040.17247498
111  57.56294792  040.17251030
111  57.56292998  040.17254657
111  57.56287871  040.17264456
111  57.56273029  040.17278529
111  57.56368379  040.17634395
111  57.56384561  040.17619446
111  57.56403486  040.17623524
111  57.56407642  040.17633392
111  57.56412210  040.17630885
111  57.56413268  040.17634544
111  57.56415593  040.17634698
111  57.56417365  040.17640909
111  57.56419518  040.17641922
111  57.56421856  040.17650370
111  57.56423373  040.17648977
111  57.56425642  040.17657199
111  57.56427079  040.17655769
111  57.56429509  040.17664895
111  57.56441619  040.17653773
113  57.56321215  040.17210499
110 2 0.00 243.2700 New Taxiway 23
111  57.56324381  040.16771040
111  57.56324540  040.16776136
111  57.56324514  040.16784451
111  57.56324374  040.16792549
111  57.56323894  040.16801152
111  57.56323113  040.16809387
111  57.56321846  040.16818330
111  57.56320487  040.16826659
111  57.56318759  040.16833683
111  57.56316472  040.16840223
111  57.56314148  040.16845539
111  57.56311154  040.16850089
111  57.56282785  040.16878119
111  57.56269497  040.16890556
111  57.56265995  040.16893419
111  57.56263064  040.16894488
111  57.56260618  040.16894567
111  57.56258501  040.16893866
111  57.56256147  040.16891607
111  57.56252909  040.16887150
111  57.56230024  040.16920801
111  57.56301412  040.17180321
111  57.56314612  040.17167662
111  57.56262412  040.16977466
111  57.56269800  040.16934571
111  57.56271411  040.16925868
111  57.56319972  040.16877865
111  57.56324295  040.16875619
111  57.56327939  040.16874995
111  57.56331522  040.16875610
111  57.56334947  040.16876572
111  57.56337756  040.16877720
111  57.56340833  040.16879797
111  57.56343631  040.16882074
111  57.56346226  040.16884609
111  57.56348831  040.16887824
111  57.56351395  040.16891249
111  57.56353721  040.16894739
111  57.56356883  040.16899929
111  57.56360311  040.16906549
111  57.56364764  040.16916772
113  57.56324124  040.16766302
110 2 0.00 243.2300 New Taxiway 2
111  57.55560621  040.14582543
111  57.55560173  040.14586672
111  57.55559545  040.14590461
111  57.55557905  040.14596833
111  57.55555588  040.14601844
111  57.55553645  040.14604612
111  57.55551203  040.14607496
111  57.55543252  040.14615085
111  57.55537105  040.14620884
111  57.55530407  040.14627049
111  57.55524079  040.14603620
111  57.55510868  040.14616219
111  57.55493723  040.14631832
111  57.55474336  040.14650911
111  57.55474781  040.14653548
111  57.55475028  040.14656550
111  57.55474573  040.14659414
111  57.55472676  040.14661994
111  57.55455732  040.14678055
111  57.55466374  040.14717049
111  57.55496681  040.14688998
111  57.55495200  040.14683590
111  57.55498860  040.14679916
111  57.55501573  040.14677216
111  57.55505135  040.14673991
111  57.55508726  040.14671859
111  57.55513128  040.14674639
111  57.55521277  040.14704310
111  57.55533772  040.14692511
111  57.55532054  040.14686185
111  57.55530320  040.14679696
111  57.55528673  040.14673951
111  57.55526448  040.14665862
111  57.55530749  040.14661115
111  57.55533315  040.14656999
111  57.55534567  040.14653245
111  57.55535180  040.14649115
111  57.55534862  040.14644002
111  57.55533209  040.14637409
111  57.55532170  040.14633372
112  57.55547953  040.14618439  57.55547649  040.14618750
111  57.55553043  040.14614332
111  57.55555921  040.14612395
111  57.55558699  040.14610855
111  57.55561345  040.14609806
111  57.55563823  040.14609841
111  57.55566056  040.14611135
111  57.55568365  040.14613479
111  57.55569961  040.14615578
111  57.55572051  040.14620599
113  57.55560705  040.14578636
110 1 0.00 243.2700 New Taxiway 12
111  57.55447225  040.14482057
111  57.55449161  040.14482494
111  57.55450667  040.14483151
111  57.55452270  040.14484382
111  57.55453362  040.14486085
111  57.55454305  040.14488468
112  57.55455958  040.14494017  57.55456035  040.14494287
111  57.55469463  040.14545460
111  57.55450382  040.14563028
111  57.55474336  040.14650911
111  57.55493723  040.14631832
111  57.55476453  040.14568534
111  57.55481936  040.14559318
111  57.55476520  040.14538696
111  57.55483581  040.14531596
111  57.55469507  040.14479272
111  57.55466986  040.14480146
111  57.55464892  040.14479935
111  57.55462763  040.14478369
111  57.55461282  040.14476546
111  57.55459919  040.14474179
113  57.55458647  040.14471589
110 1 0.00 243.2700 New Taxiway 5
111  57.56446174  040.17670997
111  57.56499927  040.17620699
111  57.56507542  040.17614080
111  57.56515755  040.17611212
111  57.56520950  040.17610383
111  57.56526570  040.17610077
111  57.56531949  040.17610761
111  57.56536904  040.17612689
111  57.56541380  040.17615717
111  57.56545398  040.17619436
111  57.56549179  040.17624006
111  57.56552187  040.17627908
111  57.56554687  040.17632038
111  57.56557689  040.17637388
111  57.56559737  040.17641702
111  57.56562253  040.17647249
111  57.56510463  040.17455928
111  57.56511877  040.17465106
111  57.56512637  040.17470446
111  57.56513319  040.17477210
111  57.56513673  040.17483100
111  57.56513971  040.17490959
111  57.56514160  040.17500412
111  57.56513822  040.17509544
111  57.56513163  040.17517445
111  57.56511790  040.17524758
111  57.56510054  040.17532433
111  57.56508320  040.17538798
111  57.56506109  040.17545347
111  57.56503309  040.17551441
111  57.56498659  040.17558285
111  57.56491235  040.17567015
111  57.56481835  040.17575996
111  57.56471436  040.17584955
111  57.56467516  040.17587743
111  57.56463202  040.17589673
111  57.56458918  040.17590403
111  57.56454367  040.17590586
111  57.56449980  040.17589591
111  57.56445484  040.17587277
111  57.56440223  040.17583309
111  57.56436040  040.17579316
111  57.56433345  040.17575750
111  57.56431274  040.17571959
111  57.56429266  040.17567741
111  57.56426483  040.17560587
111  57.56328599  040.17199002
113  57.56320177  040.17206676
110 1 0.00 332.9500 New Taxiway 4
111  57.56639135  040.17932112
111  57.56596657  040.17774994
111  57.56596456  040.17779081
111  57.56595801  040.17784644
111  57.56594471  040.17790515
111  57.56592876  040.17796029
111  57.56590995  040.17800590
111  57.56588754  040.17805112
111  57.56585756  040.17809304
111  57.56582067  040.17813312
111  57.56576844  040.17818543
111  57.56615474  040.17959267
111  57.56637823  040.17938460
111  57.56639412  040.17937587
111  57.56640976  040.17939464
111  57.56642079  040.17942761
111  57.56659925  040.18005175
111  57.56693300  040.17974256
111  57.56675417  040.17906497
111  57.56675008  040.17905034
111  57.56674645  040.17903640
111  57.56674388  040.17902446
111  57.56674261  040.17901385
111  57.56674273  040.17900261
113  57.56674453  040.17899036
110 2 0.00 243.2700 long taxyway
111  57.55546715  040.14532295
111  57.56096956  040.16572783
111  57.56111489  040.16558989
113  57.55560052  040.14520567
110 2 0.00 243.2700 New Taxiway 10
111  57.55541582  040.14464926
111  57.55542760  040.14481712
111  57.55535145  040.14485373
111  57.55546715  040.14532295
111  57.55560052  040.14520567
111  57.55558476  040.14514654
111  57.55557204  040.14509839
111  57.55556100  040.14505539
111  57.55555375  040.14502362
111  57.55554870  040.14499313
111  57.55554525  040.14496188
111  57.55554248  040.14492936
111  57.55554164  040.14489896
111  57.55554143  040.14487035
111  57.55554267  040.14484003
111  57.55554448  040.14480897
111  57.55554866  040.14475906
111  57.55555272  040.14471987
111  57.55555634  040.14468447
111  57.55556327  040.14463454
111  57.55557300  040.14457270
111  57.55558543  040.14451327
111  57.55560210  040.14444968
111  57.55561882  040.14439890
111  57.55563178  040.14436553
111  57.55564526  040.14433729
111  57.55566148  040.14430779
111  57.55562122  040.14414838
111  57.55560673  040.14414898
111  57.55559046  040.14414946
111  57.55557489  040.14414767
111  57.55555061  040.14414385
111  57.55552806  040.14413955
111  57.55550426  040.14413363
111  57.55548339  040.14412640
111  57.55546353  040.14411798
111  57.55545143  040.14411080
111  57.55543630  040.14410139
111  57.55542122  040.14409045
113  57.55540662  040.14407677
110 2 0.00 243.2700 New Taxiway 9
111  57.55566973  040.14411115
111  57.55570097  040.14427201
111  57.55598369  040.14400660
111  57.55625935  040.14374993
113  57.55621424  040.14359282
110 2 0.00 243.2700 New Taxiway 7
111  57.55654969  040.14289199
111  57.55649075  040.14278185
111  57.55649313  040.14289187
111  57.55648922  040.14297822
111  57.55648138  040.14306138
111  57.55646742  040.14315314
111  57.55644732  040.14322747
111  57.55642381  040.14329319
111  57.55640422  040.14333701
111  57.55638506  040.14337189
111  57.55636535  040.14340781
111  57.55633350  040.14345830
111  57.55630235  040.14350463
111  57.55635288  040.14367862
111  57.55638538  040.14365799
111  57.55643146  040.14363419
111  57.55646550  040.14362710
111  57.55650359  040.14363211
111  57.55652977  040.14364174
111  57.55655294  040.14365402
111  57.55657769  040.14367793
111  57.55660800  040.14371221
111  57.55664172  040.14375767
111  57.55667849  040.14381923
111  57.55671767  040.14388591
111  57.55675231  040.14394912
111  57.55678263  040.14400352
111  57.55682738  040.14408194
111  57.55687048  040.14414938
113  57.55690727  040.14421563
110 2 0.00 348.5000 New Taxiway 6
111  57.55516560  040.14292262
111  57.55517444  040.14300492
111  57.55513028  040.14302139
111  57.55513911  040.14310918
111  57.55511556  040.14312564
111  57.55518962  040.14381756
111  57.55541582  040.14464926
111  57.55540662  040.14407677
111  57.55539103  040.14405870
111  57.55536709  040.14402265
111  57.55533991  040.14397462
111  57.55531937  040.14393119
111  57.55530171  040.14388547
111  57.55528570  040.14383311
113  57.55518029  040.14284560
110 1 0.00 243.2700 New Taxiway 5
111  57.55594371  040.14079281
111  57.55593802  040.14120062
111  57.55592039  040.14132413
111  57.55589521  040.14141618
111  57.55587967  040.14146074
111  57.55586262  040.14150630
111  57.55584765  040.14154083
111  57.55583287  040.14157232
111  57.55581963  040.14159708
111  57.55580739  040.14161796
111  57.55579333  040.14163913
111  57.55577828  040.14165787
111  57.55575951  040.14167794
111  57.55514026  040.14225739
111  57.55511237  040.14220518
111  57.55500705  040.14223725
111  57.55501536  040.14233804
111  57.55500036  040.14237231
111  57.55497796  040.14238455
111  57.55496213  040.14238932
111  57.55494284  040.14238867
111  57.55491863  040.14238431
111  57.55488807  040.14236788
111  57.55485981  040.14234061
111  57.55483532  040.14230399
111  57.55481359  040.14225895
111  57.55478780  040.14218672
111  57.55389891  040.14301439
111  57.55439110  040.14482657
111  57.55447225  040.14482057
111  57.55494663  040.14438579
111  57.55500269  040.14437728
111  57.55503495  040.14438340
111  57.55506169  040.14439196
111  57.55508376  040.14440137
111  57.55510673  040.14441843
111  57.55513322  040.14444658
111  57.55516100  040.14449330
111  57.55519542  040.14457180
111  57.55523037  040.14467296
111  57.55541918  040.14530896
111  57.55548168  040.14532270
111  57.55535145  040.14485373
111  57.55542760  040.14481712
111  57.55541582  040.14464926
111  57.55518962  040.14381756
111  57.55511556  040.14312564
111  57.55513911  040.14310918
111  57.55513028  040.14302139
111  57.55517444  040.14300492
111  57.55516560  040.14292262
111  57.55518032  040.14284580
111  57.55519812  040.14278943
111  57.55524227  040.14271436
111  57.55529277  040.14265129
111  57.55537430  040.14256659
111  57.55587264  040.14209391
111  57.55592992  040.14205051
111  57.55598653  040.14204072
111  57.55603757  040.14204801
111  57.55608108  040.14206369
111  57.55611930  040.14208397
111  57.55615052  040.14210579
111  57.55618204  040.14213357
111  57.55621963  040.14217515
111  57.55625896  040.14222880
111  57.55629339  040.14229248
111  57.55632016  040.14234888
111  57.55634575  040.14240872
111  57.55636600  040.14246008
111  57.55639044  040.14252601
111  57.55641632  040.14259961
111  57.55645236  040.14269339
111  57.55648035  040.14275937
111  57.55652436  040.14286347
111  57.55654972  040.14289208
111  57.55654399  040.14286556
113  57.55597546  040.14076635
110 2 0.00 243.2700 New Taxiway 4
111  57.55559246  040.13966942
111  57.55480455  040.14042242
111  57.55476620  040.14052886
111  57.55479560  040.14077827
111  57.55475550  040.14085309
111  57.55476085  040.14096782
111  57.55466208  040.14113862
111  57.55461182  040.14120607
111  57.55458769  040.14132600
111  57.55459171  040.14141219
111  57.55462054  040.14164228
111  57.55469864  040.14174758
111  57.55483157  040.14168874
111  57.55483995  040.14176193
111  57.55486997  040.14183011
111  57.55494688  040.14182137
111  57.55495720  040.14183536
111  57.55500705  040.14223725
111  57.55511141  040.14220286
111  57.55494426  040.14084004
111  57.55493542  040.14068045
111  57.55495565  040.14053562
111  57.55524441  040.14025999
111  57.55528516  040.14024077
111  57.55546749  040.14006685
111  57.55568586  040.14085977
111  57.55580734  040.14085090
113  57.55589252  040.14077069
110 2 0.00 0.0000 New Taxiway 27
111  57.56105337  040.16593300
111  57.56106439  040.16599316
111  57.56107299  040.16606052
111  57.56107477  040.16613572
111  57.56106819  040.16621093
111  57.56105664  040.16625802
111  57.56103492  040.16631114
111  57.56097093  040.16640657
111  57.56107399  040.16666156
111  57.56126784  040.16667378
111  57.56131647  040.16678830
111  57.56122828  040.16691496
111  57.56148796  040.16755219
111  57.56154962  040.16770619
111  57.56131598  040.16804117
111  57.56139880  040.16824468
111  57.56166671  040.16786219
111  57.56172649  040.16800521
111  57.56174104  040.16804117
111  57.56174104  040.16809313
111  57.56173414  040.16812868
111  57.56172272  040.16816242
111  57.56170197  040.16820729
111  57.56145110  040.16858310
111  57.56144715  040.16865159
111  57.56158619  040.16899382
111  57.56161983  040.16899880
111  57.56190519  040.16858967
111  57.56193935  040.16867269
111  57.56188393  040.16874714
111  57.56196360  040.16893608
111  57.56174387  040.16925839
111  57.56180805  040.16942291
111  57.56183937  040.16939156
111  57.56187704  040.16948724
111  57.56184889  040.16952766
111  57.56188674  040.16962499
111  57.56230024  040.16920801
111  57.56234208  040.16914855
113  57.56114608  040.16620882
110 1 0.00 243.2700 New Taxiway 3
111  57.55566146  040.13960396
111  57.55559246  040.13966942
111  57.55589252  040.14077069
111  57.55594371  040.14079281
113  57.55597546  040.14076635
110 1 0.00 243.2700 New Taxiway 2
111  57.55467257  040.13594329
111  57.55441722  040.13618409
111  57.55478092  040.13752251
113  57.55509635  040.13751205
110 1 0.00 243.2700 torec05
111  57.55502623  040.13561131
111  57.55484211  040.13493987
111  57.55448662  040.13527099
113  57.55467257  040.13594329
130 Airport Boundary 3
111  57.55239853  040.13174366
111  57.55265873  040.13442440
111  57.55291983  040.13712773
111  57.55320658  040.14053174
111  57.55300334  040.14276762
111  57.55263115  040.14466044
111  57.55252483  040.14616359
111  57.55313559  040.14905890
111  57.55326837  040.14972705
111  57.55315922  040.14987110
111  57.55308852  040.15018401
111  57.55311503  040.15033223
111  57.55450359  040.15501500
111  57.55455980  040.15505691
111  57.55460477  040.15507088
111  57.55462726  040.15514771
111  57.55462726  040.15518962
111  57.55461678  040.15538134
111  57.55587211  040.15868856
111  57.55620782  040.15934083
111  57.55909667  040.16430063
111  57.55984516  040.16528907
111  57.56011025  040.16645707
111  57.56038892  040.16718539
111  57.56153563  040.16992389
111  57.56167428  040.16978417
111  57.56184034  040.17032338
111  57.56201695  040.17091030
111  57.56191457  040.17101051
111  57.56299964  040.17495631
111  57.56294478  040.17501903
111  57.56327457  040.17618493
111  57.56348650  040.17687679
111  57.56359768  040.17720860
111  57.56386344  040.17803317
111  57.56408744  040.17875066
111  57.56438181  040.17967308
111  57.56479220  040.18090778
111  57.56518578  040.18154231
111  57.56554680  040.18212399
111  57.56601509  040.18285074
111  57.56639176  040.18343661
111  57.56692970  040.18426183
111  57.56706998  040.18443929
111  57.56726905  040.18468657
111  57.56747571  040.18488733
111  57.56764376  040.18505960
111  57.56782584  040.18523258
111  57.56797257  040.18534574
111  57.56804992  040.18538605
111  57.56810754  040.18541730
111  57.56816415  040.18543157
111  57.56821214  040.18543346
111  57.56872910  040.18550908
111  57.56878308  040.18489707
111  57.56877047  040.18469911
111  57.56874056  040.18441352
111  57.56828443  040.18156462
111  57.56796338  040.18029702
111  57.56793207  040.17904222
111  57.56705546  040.17574472
111  57.56580600  040.17177672
111  57.56430526  040.16574766
111  57.56332032  040.16189961
111  57.56299832  040.16034626
111  57.56214597  040.15671003
111  57.56195662  040.15553643
111  57.56070650  040.15142045
111  57.55953043  040.14749203
111  57.55850723  040.14512462
111  57.55683010  040.13897860
111  57.55515673  040.13434468
111  57.55380675  040.13078108
111  57.55314337  040.12837339
111  57.55232039  040.12912638
113  57.55222562  040.13005599
120 Linear Feature 8
111  57.56562885  040.17643389 102
112  57.56502808  040.17616728  57.56469418  040.17647576 102
111  57.56433396  040.17679316 102
111  57.56399895  040.17622788 102
111  57.56384661  040.17619484 102
115  57.56368951  040.17634252
120 Linear Feature 6
111  57.56362862  040.16907380 102
112  57.56318477  040.16878507  57.56297741  040.16898449 102
112  57.56271791  040.16925141  57.56266708  040.16931368 102
112  57.56262933  040.16980643  57.56265401  040.16990119 102
111  57.56313817  040.17166290 102
112  57.56327765  040.17199873  57.56331725  040.17210949 102
111  57.56342461  040.17251414 102
111  57.56425954  040.17559687 102
112  57.56467027  040.17589130  57.56489381  040.17572081 102
111  57.56500226  040.17557487 102
116  57.56510999  040.17450884  57.56498983  040.17369001
120 Linear Feature 5
111  57.56262276  040.16534891 102
112  57.56250143  040.16520300  57.56246539  040.16516963 102
112  57.56239870  040.16513039  57.56236799  040.16511792 102
112  57.56225460  040.16514353  57.56220300  040.16518605 102
111  57.56144565  040.16592061 102
112  57.56138440  040.16609024  57.56138638  040.16619009 102
112  57.56139378  040.16633450  57.56139682  040.16639902 102
112  57.56146021  040.16655460  57.56151586  040.16669088 102
111  57.56251215  040.16886444 102
112  57.56268488  040.16892003  57.56278706  040.16882810 102
111  57.56310249  040.16852276 102
116  57.56324716  040.16765473  57.56321294  040.16694004
120 Linear Feature 3
111  57.55512550  040.14271471 102
112  57.55510432  040.14332203  57.55522854  040.14379610 102
112  57.55553580  040.14496712  57.55569551  040.14556800 102
111  57.56110927  040.16557604 102
112  57.56123536  040.16572187  57.56132230  040.16574571 102
111  57.56138191  040.16570589 102
111  57.56221079  040.16491210 102
112  57.56230680  040.16457788  57.56232877  040.16439627 102
115  57.56231215  040.16422006
120 Linear Feature 19
111  57.55463236  040.14261635 20
111  57.55501192  040.14403768 20
111  57.55499335  040.14418690 20
111  57.55462886  040.14452143 20
111  57.55460839  040.14453864 20
111  57.55458899  040.14454938 20
111  57.55457234  040.14455565 20
111  57.55455416  040.14455725 20
111  57.55453970  040.14455511 20
111  57.55452593  040.14454650 20
111  57.55451370  040.14453392 20
111  57.55450217  040.14451619 20
111  57.55449129  040.14449521 20
111  57.55448215  040.14446989 20
111  57.55411525  040.14309581 20
111  57.55410973  040.14306656 20
111  57.55410653  040.14304131 20
111  57.55410490  040.14301780 20
111  57.55410508  040.14300066 20
111  57.55410685  040.14298152 20
111  57.55411065  040.14296882 20
111  57.55411642  040.14295735 20
111  57.55412231  040.14294739 20
111  57.55412997  040.14293703 20
111  57.55413883  040.14292675 20
111  57.55414873  040.14291634 20
113  57.55454675  040.14254365 20
120 Linear Feature 38
111  57.55614420  040.14065477 1 101
111  57.55589959  040.13974379 1 101
111  57.55588490  040.13969079 1 101
111  57.55587569  040.13966113 1 101
111  57.55586721  040.13964049 1 101
111  57.55585500  040.13962460 1 101
111  57.55583982  040.13961459 1 101
111  57.55582192  040.13961033 1 101
111  57.55580707  040.13961311 1 101
111  57.55579304  040.13961793 1 101
115  57.55578238  040.13962524
120 Linear Feature 39
111  57.55493098  040.14043519 1 101
111  57.55492180  040.14044424 1 101
111  57.55491650  040.14044968 1 101
111  57.55491103  040.14045570 1 101
111  57.55490455  040.14046339 1 101
111  57.55489815  040.14047322 1 101
111  57.55489129  040.14049034 1 101
111  57.55488555  040.14051031 1 101
111  57.55488045  040.14053334 1 101
111  57.55487590  040.14056164 1 101
111  57.55487231  040.14059042 1 101
111  57.55486970  040.14061922 1 101
111  57.55486733  040.14065268 1 101
111  57.55486485  040.14070121 1 101
115  57.55484412  040.14122927
120 Linear Feature 1
111  57.55614420  040.14065477 1 101
111  57.55615676  040.14070317 1 101
111  57.55616286  040.14072813 1 101
111  57.55616926  040.14075846 1 101
111  57.55617571  040.14079750 1 101
111  57.55618262  040.14084595 1 101
111  57.55618825  040.14090598 1 101
111  57.55619106  040.14096961 1 101
111  57.55619111  040.14104935 1 101
111  57.55618722  040.14112591 1 101
111  57.55618167  040.14119005 1 101
111  57.55617579  040.14124024 1 101
111  57.55616856  040.14128691 1 101
111  57.55615855  040.14133912 1 101
111  57.55614222  040.14140196 1 101
111  57.55612364  040.14145732 1 101
111  57.55610061  040.14151780 1 101
111  57.55607270  040.14157806 1 101
111  57.55604503  040.14162976 1 101
111  57.55601501  040.14167981 1 101
111  57.55598892  040.14171526 1 101
111  57.55595531  040.14175334 1 101
111  57.55593722  040.14177151 1 101
111  57.55430400  040.14326403 1 101
111  57.55428847  040.14328416 1 101
111  57.55427557  040.14330379 1 101
111  57.55426593  040.14332112 1 101
111  57.55425950  040.14333488 1 101
111  57.55425285  040.14335127 1 101
111  57.55424656  040.14336990 1 101
111  57.55424108  040.14339250 1 101
111  57.55423633  040.14341667 1 101
111  57.55423309  040.14344049 1 101
111  57.55423113  040.14346335 1 101
111  57.55422992  040.14348818 1 101
111  57.55423007  040.14350842 1 101
111  57.55423210  040.14353840 1 101
111  57.55423618  040.14356617 1 101
111  57.55424228  040.14359998 1 101
111  57.55425255  040.14364331 1 101
111  57.55426402  040.14368580 1 101
111  57.55427677  040.14373575 1 101
111  57.55433239  040.14394588 1 101
111  57.55433785  040.14396720 1 101
111  57.55434262  040.14398187 1 101
111  57.55434611  040.14399440 1 101
111  57.55435107  040.14401135 1 101
111  57.55435831  040.14403120 1 101
111  57.55436696  040.14405123 1 101
111  57.55437799  040.14407412 1 101
111  57.55439183  040.14409454 1 101
111  57.55440693  040.14410948 1 101
111  57.55442151  040.14411839 1 101
111  57.55443644  040.14412529 1 101
111  57.55445340  040.14412958 1 101
111  57.55447026  040.14413127 1 101
111  57.55448268  040.14413034 1 101
111  57.55449331  040.14412830 1 101
111  57.55450300  040.14412659 1 101
111  57.55451161  040.14412196 1 101
111  57.55452088  040.14411702 1 101
111  57.55453093  040.14411074 1 101
111  57.55454573  040.14410027 1 101
111  57.55456754  040.14408302 1 101
111  57.55491336  040.14376668 1 101
111  57.55491781  040.14376210 1 101
111  57.55492246  040.14375703 1 101
111  57.55492688  040.14375188 1 101
111  57.55493191  040.14374533 1 101
111  57.55493627  040.14373949 1 101
111  57.55494001  040.14373419 1 101
111  57.55494524  040.14372612 1 101
111  57.55494945  040.14371901 1 101
111  57.55495396  040.14371048 1 101
111  57.55495864  040.14370055 1 101
111  57.55496371  040.14368890 1 101
111  57.55496964  040.14367358 1 101
111  57.55497561  040.14365730 1 101
111  57.55498135  040.14364008 1 101
111  57.55498670  040.14362103 1 101
111  57.55499128  040.14360159 1 101
111  57.55499497  040.14357910 1 101
111  57.55499749  040.14355839 1 101
111  57.55499900  040.14353772 1 101
111  57.55499976  040.14351603 1 101
111  57.55499969  040.14349248 1 101
111  57.55499882  040.14347114 1 101
111  57.55499632  040.14344498 1 101
111  57.55499373  040.14342425 1 101
111  57.55498945  040.14339860 1 101
111  57.55498416  040.14337157 1 101
111  57.55497731  040.14334093 1 101
111  57.55496823  040.14330558 1 101
111  57.55495848  040.14326995 1 101
111  57.55494915  040.14323634 1 101
111  57.55493950  040.14320111 1 101
111  57.55492925  040.14316371 1 101
111  57.55491952  040.14312728 1 101
111  57.55490991  040.14309216 1 101
111  57.55490188  040.14306090 1 101
111  57.55489552  040.14303516 1 101
111  57.55489085  040.14301161 1 101
111  57.55488719  040.14298502 1 101
111  57.55488493  040.14295734 1 101
111  57.55488386  040.14293131 1 101
111  57.55488428  040.14290848 1 101
111  57.55488529  040.14288598 1 101
111  57.55488697  040.14286519 1 101
111  57.55488957  040.14284366 1 101
111  57.55489334  040.14282128 1 101
111  57.55489758  040.14280090 1 101
111  57.55490190  040.14278230 1 101
111  57.55490718  040.14276362 1 101
111  57.55491292  040.14274654 1 101
111  57.55491917  040.14273012 1 101
111  57.55492523  040.14271596 1 101
111  57.55493318  040.14270051 1 101
111  57.55494460  040.14268274 1 101
115  57.55495586  040.14266832
120 Linear Feature 37
111  57.55558028  040.13856522 1 101
111  57.55579934  040.13936973 1 101
111  57.55580864  040.13940366 1 101
111  57.55581493  040.13943527 1 101
111  57.55581969  040.13946751 1 101
111  57.55582182  040.13950577 1 101
111  57.55581969  040.13954163 1 101
111  57.55581372  040.13957219 1 101
111  57.55580382  040.13959696 1 101
111  57.55579180  040.13961622 1 101
115  57.55493098  040.14043519
120 Linear Feature 42
111  57.56305756  040.17174609 1 101
111  57.56309374  040.17186895 1 101
111  57.56311042  040.17191369 1 101
111  57.56312825  040.17195082 1 101
111  57.56315101  040.17199746 1 101
111  57.56317012  040.17204334 1 101
111  57.56318942  040.17209708 1 101
115  57.56422288  040.17592288
120 Linear Feature 14
111  57.55496952  040.14331063 1 101
115  57.55513930  040.14394052
120 Linear Feature 13
111  57.55540576  040.14481544 1
115  57.56106639  040.16576175
120 Linear Feature 40
111  57.56539354  040.17487133 1 101
111  57.56540538  040.17491344 1 101
111  57.56541400  040.17494860 1 101
111  57.56542155  040.17498283 1 101
111  57.56542828  040.17502175 1 101
111  57.56543326  040.17506025 1 101
111  57.56543803  040.17511111 1 101
111  57.56543964  040.17516375 1 101
111  57.56543964  040.17520754 1 101
111  57.56543792  040.17525263 1 101
111  57.56543468  040.17529602 1 101
111  57.56542929  040.17534303 1 101
111  57.56542003  040.17538732 1 101
111  57.56540808  040.17542660 1 101
111  57.56539418  040.17545915 1 101
111  57.56537872  040.17549008 1 101
111  57.56536180  040.17551790 1 101
111  57.56534361  040.17553651 1 101
111  57.56462403  040.17619313 1 101
111  57.56460042  040.17620572 1 101
111  57.56457628  040.17621301 1 101
111  57.56455219  040.17621909 1 101
111  57.56452529  040.17622263 1 101
111  57.56449050  040.17622426 1 101
111  57.56446376  040.17622249 1 101
111  57.56443817  040.17621866 1 101
111  57.56441019  040.17620968 1 101
111  57.56438077  040.17619496 1 101
111  57.56436008  040.17618237 1 101
111  57.56433529  040.17616323 1 101
111  57.56431288  040.17614007 1 101
111  57.56429352  040.17611431 1 101
111  57.56427558  040.17608402 1 101
111  57.56425907  040.17604341 1 101
111  57.56424443  040.17599821 1 101
111  57.56423424  040.17596196 1 101
115  57.56422288  040.17592288
120 Linear Feature 12
111  57.55491340  040.14376664 1 101
111  57.55492549  040.14375750 1 101
111  57.55493563  040.14375168 1 101
111  57.55495046  040.14374586 1 101
111  57.55496542  040.14374242 1 101
111  57.55497777  040.14374150 1 101
111  57.55499104  040.14374217 1 101
112  57.55500415  040.14374468  57.55500496  040.14374524 1 101
111  57.55501831  040.14374870 1 101
111  57.55503247  040.14375473 1 101
111  57.55504725  040.14376396 1 101
111  57.55505919  040.14377429 1 101
111  57.55506907  040.14378394 1 101
112  57.55507798  040.14379509  57.55507818  040.14379533 1 101
111  57.55508440  040.14380455 1 101
111  57.55509115  040.14381575 1 101
111  57.55509714  040.14382651 1 101
111  57.55510384  040.14383963 1 101
111  57.55511194  040.14385745 1 101
111  57.55511880  040.14387405 1 101
111  57.55512441  040.14389063 1 101
111  57.55513002  040.14390780 1 101
111  57.55513749  040.14393391 1 101
111  57.55514984  040.14397906 1 101
111  57.55525282  040.14435243 1 101
111  57.55525865  040.14437289 1 101
111  57.55526850  040.14440603 1 101
111  57.55528816  040.14446436 1 101
111  57.55530174  040.14450255 1 101
111  57.55531547  040.14454244 1 101
111  57.55533541  040.14459957 1 101
111  57.55535434  040.14465010 1 101
115  57.55540576  040.14481544
120 Linear Feature 41
111  57.56536180  040.17551790 1 101
111  57.56536823  040.17551377 1 101
111  57.56537506  040.17550948 1 101
111  57.56538291  040.17550530 1 101
111  57.56539362  040.17550269 1 101
111  57.56540428  040.17550138 1 101
111  57.56541461  040.17550101 1 101
111  57.56542829  040.17550178 1 101
111  57.56544030  040.17550442 1 101
111  57.56545309  040.17550904 1 101
111  57.56546348  040.17551361 1 101
111  57.56547604  040.17552106 1 101
111  57.56548941  040.17553052 1 101
111  57.56550254  040.17554009 1 101
111  57.56551582  040.17555174 1 101
111  57.56553155  040.17556747 1 101
111  57.56554617  040.17558373 1 101
111  57.56556251  040.17560424 1 101
111  57.56557913  040.17563046 1 101
111  57.56559630  040.17565918 1 101
111  57.56561238  040.17569380 1 101
111  57.56562472  040.17572849 1 101
111  57.56563709  040.17576845 1 101
115  57.56565165  040.17581979
120 Linear Feature 4
111  57.55512541  040.14271435 102
111  57.55588605  040.14201377 102
112  57.55609527  040.14200823  57.55622357  040.14207015 102
112  57.55634677  040.14227132  57.55640805  040.14237145 102
115  57.55641659  040.14239680
120 Linear Feature 11
111  57.55496259  040.14294792 3
111  57.55496981  040.14291814 3
111  57.55497852  040.14289032 3
111  57.55498872  040.14286436 3
111  57.55499969  040.14284113 3
111  57.55501562  040.14281996 3
111  57.55503570  040.14280079 3
111  57.55510731  040.14273101 3
111  57.55588619  040.14201358 3
111  57.55589866  040.14200341 3
111  57.55590986  040.14199739 3
111  57.55592354  040.14199182 3
111  57.55593995  040.14198765 3
111  57.55595771  040.14198561 3
111  57.55598227  040.14198569 3
111  57.55601010  040.14198718 3
111  57.55603130  040.14198971 3
111  57.55605236  040.14199421 3
111  57.55607334  040.14199875 3
111  57.55609614  040.14200483 3
111  57.55612162  040.14201490 3
111  57.55614268  040.14202679 3
111  57.55615872  040.14203835 3
111  57.55617632  040.14205162 3
111  57.55619122  040.14206509 3
111  57.55620936  040.14208369 3
111  57.55622791  040.14210466 3
111  57.55624392  040.14212353 3
111  57.55625912  040.14214254 3
111  57.55627614  040.14216496 3
111  57.55629539  040.14219166 3
111  57.55631596  040.14222187 3
111  57.55633516  040.14225053 3
111  57.55635199  040.14227827 3
111  57.55637201  040.14231065 3
111  57.55639020  040.14234313 3
115  57.55641205  040.14238476
120 Linear Feature 9
111  57.55597036  040.14074674 3 102
111  57.55597180  040.14075364 3 102
111  57.55597296  040.14076019 3 102
115  57.55597429  040.14076879
120 Linear Feature 3
111  57.55470171  040.14290057 1 101
111  57.55471114  040.14289527 1 101
111  57.55471814  040.14289302 1 101
111  57.55472500  040.14289128 1 101
111  57.55473231  040.14289005 1 101
111  57.55474062  040.14288925 1 101
111  57.55474976  040.14288946 1 101
111  57.55475833  040.14289021 1 101
111  57.55476554  040.14289120 1 101
111  57.55477268  040.14289255 1 101
111  57.55478008  040.14289444 1 101
111  57.55478849  040.14289706 1 101
111  57.55479700  040.14290082 1 101
111  57.55480605  040.14290578 1 101
111  57.55481515  040.14291254 1 101
111  57.55482336  040.14291953 1 101
111  57.55483134  040.14292759 1 101
111  57.55483906  040.14293656 1 101
111  57.55484625  040.14294572 1 101
111  57.55485265  040.14295467 1 101
111  57.55485913  040.14296430 1 101
111  57.55486509  040.14297366 1 101
111  57.55487210  040.14298531 1 101
111  57.55487774  040.14299559 1 101
111  57.55488330  040.14300709 1 101
111  57.55488828  040.14301835 1 101
111  57.55489277  040.14303071 1 101
111  57.55489637  040.14304181 1 101
111  57.55489929  040.14305255 1 101
115  57.55490348  040.14306839
120 15 park
111  57.55492242  040.14419862 1
111  57.55496111  040.14389095 1
111  57.55489086  040.14362233 1
111  57.55473222  040.14348792 1
111  57.55454474  040.14366457 1
111  57.55450765  040.14396794 1
111  57.55458594  040.14425978 1
113  57.55473634  040.14437499 1
120 17 park
111  57.55470167  040.14144633 1
111  57.55477759  040.14158313 1
111  57.55487709  040.14159886 1
111  57.55496630  040.14148364 1
111  57.55497547  040.14124036 1
111  57.55490027  040.14110654 1
111  57.55479155  040.14109140 1
113  57.55471048  040.14120454 1
120 Linear Feature 2
111  57.56126546  040.16633734 1 101
111  57.56125663  040.16631304 1 101
111  57.56124990  040.16629403 1 101
111  57.56124466  040.16627571 1 101
111  57.56124070  040.16625649 1 101
111  57.56123733  040.16623147 1 101
111  57.56123499  040.16620675 1 101
111  57.56123366  040.16618049 1 101
111  57.56123368  040.16615324 1 101
111  57.56123514  040.16612327 1 101
111  57.56123778  040.16609284 1 101
111  57.56124311  040.16606094 1 101
111  57.56125133  040.16602912 1 101
111  57.56126004  040.16600082 1 101
111  57.56127060  040.16597299 1 101
111  57.56128354  040.16594715 1 101
111  57.56129832  040.16592302 1 101
111  57.56131126  040.16590752 1 101
115  57.56132904  040.16588825
120 Linear Feature 1
111  57.56228504  040.16498135 1 101
111  57.56230543  040.16496784 1 101
111  57.56232723  040.16495789 1 101
111  57.56234662  040.16495060 1 101
111  57.56237098  040.16494405 1 101
112  57.56239588  040.16493884  57.56239599  040.16493888 1 101
111  57.56242263  040.16493648 1 101
111  57.56245066  040.16493797 1 101
111  57.56247726  040.16494150 1 101
111  57.56249910  040.16494613 1 101
111  57.56252305  040.16495221 1 101
111  57.56255660  040.16496561 1 101
111  57.56258785  040.16498562 1 101
111  57.56261453  040.16500661 1 101
111  57.56263673  040.16502761 1 101
111  57.56265525  040.16504661 1 101
111  57.56267435  040.16506726 1 101
111  57.56268995  040.16508609 1 101
111  57.56270541  040.16510823 1 101
111  57.56272131  040.16513206 1 101
111  57.56273930  040.16516290 1 101
111  57.56275976  040.16520340 1 101
111  57.56277790  040.16524523 1 101
111  57.56279420  040.16528808 1 101
111  57.56281207  040.16534317 1 101
115  57.56292783  040.16576398
120 16 park
111  57.55469472  040.14334157 1
111  57.55473341  040.14303390 1
111  57.55466316  040.14276528 1
111  57.55450452  040.14263087 1
111  57.55431704  040.14280752 1
111  57.55427996  040.14311089 1
111  57.55435825  040.14340274 1
113  57.55450864  040.14351794 1
120 Linear Feature 17
111  57.55621401  040.14780623 1 101
111  57.55621943  040.14787162 1 101
111  57.55621961  040.14794794 1 101
111  57.55621584  040.14800688 1 101
111  57.55620795  040.14807115 1 101
111  57.55619518  040.14813240 1 101
111  57.55618352  040.14817258 1 101
111  57.55616968  040.14820806 1 101
111  57.55614849  040.14824891 1 101
111  57.55612676  040.14828406 1 101
111  57.55609569  040.14831653 1 101
111  57.55596268  040.14845566 1 101
111  57.55593926  040.14849469 1 101
111  57.55592088  040.14853707 1 101
111  57.55590590  040.14858407 1 101
111  57.55589346  040.14862988 1 101
111  57.55588511  040.14867457 1 101
111  57.55587999  040.14872240 1 101
111  57.55587633  040.14877048 1 101
111  57.55587623  040.14882577 1 101
111  57.55587839  040.14887622 1 101
111  57.55588527  040.14892033 1 101
111  57.55589415  040.14896553 1 101
111  57.55590693  040.14901654 1 101
111  57.55664893  040.15177379 1 101
111  57.55667247  040.15183689 1 101
111  57.55669457  040.15188246 1 101
111  57.55671902  040.15191631 1 101
111  57.55675534  040.15194710 1 101
111  57.55678952  040.15196158 1 101
111  57.55683656  040.15197230 1 101
111  57.55688770  040.15196354 1 101
111  57.55693247  040.15194098 1 101
111  57.55698414  040.15189572 1 101
111  57.55715113  040.15173122 1 101
111  57.55716322  040.15171217 1 101
111  57.55717163  040.15168861 1 101
111  57.55717740  040.15166717 1 101
111  57.55718202  040.15164479 1 101
111  57.55718562  040.15162067 1 101
111  57.55718867  040.15158909 1 101
111  57.55719112  040.15154882 1 101
111  57.55719206  040.15150449 1 101
111  57.55719084  040.15146858 1 101
111  57.55718876  040.15143729 1 101
111  57.55718440  040.15140461 1 101
111  57.55717837  040.15137627 1 101
115  57.55717376  040.15135719
120 Linear Feature 16
111  57.55506266  040.14238952 3 102
111  57.55503335  040.14241022 3 102
111  57.55501657  040.14242048 3 102
111  57.55500012  040.14242812 3 102
111  57.55498142  040.14243393 3 102
111  57.55496413  040.14243654 3 102
111  57.55494507  040.14243780 3 102
111  57.55492789  040.14243377 3 102
111  57.55491151  040.14242858 3 102
111  57.55489624  040.14242328 3 102
111  57.55487947  040.14241388 3 102
111  57.55486562  040.14240549 3 102
111  57.55485255  040.14239432 3 102
111  57.55483960  040.14238066 3 102
111  57.55482661  040.14236319 3 102
111  57.55481414  040.14234369 3 102
111  57.55480275  040.14232254 3 102
111  57.55479284  040.14230050 3 102
111  57.55478514  040.14228010 3 102
111  57.55477835  040.14225717 3 102
111  57.55477284  040.14223701 3 102
111  57.55476903  040.14222097 3 102
111  57.55390243  040.14301436 3 102
111  57.55439067  040.14482663 3 102
115  57.55447928  040.14481203
120 Linear Feature 18
111  57.55506555  040.14410182 20
111  57.55465920  040.14258295 20
111  57.55454450  040.14248492 20
111  57.55415048  040.14285537 20
111  57.55413254  040.14287245 20
111  57.55411869  040.14288612 20
111  57.55410646  040.14290222 20
111  57.55409581  040.14292129 20
111  57.55408447  040.14294602 20
111  57.55407707  040.14297503 20
111  57.55407307  040.14300787 20
111  57.55407411  040.14304266 20
111  57.55407825  040.14308065 20
111  57.55408517  040.14311286 20
111  57.55409250  040.14314186 20
115  57.55451347  040.14472379
120 Linear Feature 15
111  57.56305756  040.17174609 1 101
111  57.56234955  040.16914889 1 101
111  57.56223063  040.16876064 1 101
111  57.56116632  040.16608842 1 101
111  57.56115187  040.16604887 1 101
111  57.56113840  040.16600998 1 101
111  57.56112620  040.16597063 1 101
111  57.56110872  040.16591009 1 101
115  57.56106639  040.16576175
120 Hold rnwy 05
111  57.55537067  040.14204582 4 103
115  57.55548197  040.14245539
120 Linear Feature 5
111  57.55595540  040.14175324 1 101
111  57.55598872  040.14172591 1 101
111  57.55601349  040.14170899 1 101
111  57.55604106  040.14169290 1 101
111  57.55606985  040.14168078 1 101
111  57.55609798  040.14167389 1 101
111  57.55611882  040.14167145 1 101
111  57.55613720  040.14167131 1 101
111  57.55616056  040.14167367 1 101
111  57.55619060  040.14167884 1 101
111  57.55621704  040.14168703 1 101
111  57.55624205  040.14169864 1 101
111  57.55626467  040.14170996 1 101
111  57.55628012  040.14171942 1 101
111  57.55629433  040.14172980 1 101
111  57.55630809  040.14174020 1 101
111  57.55632320  040.14175351 1 101
111  57.55633914  040.14176833 1 101
111  57.55635495  040.14178445 1 101
112  57.55636822  040.14179926  57.55636824  040.14179929 1 101
111  57.55638496  040.14181818 1 101
111  57.55639842  040.14183540 1 101
111  57.55641460  040.14185679 1 101
111  57.55643437  040.14188489 1 101
111  57.55645342  040.14191460 1 101
111  57.55647328  040.14195064 1 101
111  57.55649527  040.14199736 1 101
111  57.55651208  040.14204065 1 101
111  57.55652644  040.14208369 1 101
111  57.55654126  040.14213411 1 101
111  57.55655260  040.14217444 1 101
111  57.55656373  040.14221436 1 101
111  57.55657461  040.14225225 1 101
111  57.55658502  040.14229062 1 101
111  57.55659427  040.14232444 1 101
111  57.55660375  040.14235858 1 101
111  57.55661433  040.14239721 1 101
115  57.55662942  040.14245237
120 Linear Feature 6
111  57.55597429  040.14076879 3 102
111  57.55597827  040.14080168 3 102
111  57.55598011  040.14083005 3 102
111  57.55598164  040.14085492 3 102
111  57.55598250  040.14088184 3 102
111  57.55598341  040.14091128 3 102
112  57.55598334  040.14094761  57.55598333  040.14094987 3 102
111  57.55598318  040.14099123 3 102
111  57.55598252  040.14103467 3 102
111  57.55598089  040.14107882 3 102
111  57.55597873  040.14111823 3 102
111  57.55597604  040.14115713 3 102
112  57.55597208  040.14120506  57.55597182  040.14120832 3 102
111  57.55596709  040.14124949 3 102
111  57.55596032  040.14130028 3 102
111  57.55595222  040.14134802 3 102
111  57.55594211  040.14139529 3 102
111  57.55593186  040.14143288 3 102
111  57.55592143  040.14146646 3 102
111  57.55591192  040.14149632 3 102
111  57.55590116  040.14152575 3 102
111  57.55589119  040.14155056 3 102
111  57.55587828  040.14157968 3 102
111  57.55586280  040.14161256 3 102
111  57.55584774  040.14163910 3 102
111  57.55582876  040.14166745 3 102
111  57.55580393  040.14169727 3 102
115  57.55485216  040.14258610
120 hold short 23
111  57.56452027  040.17590171 4 103
115  57.56467878  040.17650573
120 Linear Feature 1
111  57.56106757  040.16576575 1 101
111  57.56107907  040.16579795 1 101
111  57.56108845  040.16582348 1 101
111  57.56109671  040.16584506 1 101
111  57.56110530  040.16586532 1 101
111  57.56111554  040.16588532 1 101
111  57.56112583  040.16590303 1 101
111  57.56113505  040.16591633 1 101
111  57.56115089  040.16593452 1 101
111  57.56116340  040.16594413 1 101
111  57.56118135  040.16595158 1 101
111  57.56119740  040.16595537 1 101
111  57.56120927  040.16595569 1 101
111  57.56122483  040.16595333 1 101
111  57.56124209  040.16594882 1 101
111  57.56125792  040.16594318 1 101
111  57.56127337  040.16593499 1 101
111  57.56128932  040.16592453 1 101
111  57.56130295  040.16591274 1 101
111  57.56131598  040.16590044 1 101
111  57.56133045  040.16588701 1 101
111  57.56135148  040.16586722 1 101
111  57.56228504  040.16498135 1 101
111  57.56230780  040.16494874 1 101
111  57.56233048  040.16491207 1 101
111  57.56234544  040.16488559 1 101
111  57.56235818  040.16486123 1 101
111  57.56236993  040.16483749 1 101
111  57.56238012  040.16481624 1 101
111  57.56239079  040.16479195 1 101
111  57.56240170  040.16476463 1 101
111  57.56241118  040.16473940 1 101
111  57.56242166  040.16470856 1 101
111  57.56243057  040.16467820 1 101
111  57.56243949  040.16464388 1 101
111  57.56244731  040.16461140 1 101
111  57.56245478  040.16457686 1 101
111  57.56246111  040.16454058 1 101
111  57.56246622  040.16450558 1 101
111  57.56247016  040.16447038 1 101
111  57.56247402  040.16442996 1 101
111  57.56247661  040.16438650 1 101
111  57.56247799  040.16434610 1 101
111  57.56247826  040.16431040 1 101
111  57.56247822  040.16426854 1 101
111  57.56247728  040.16423084 1 101
111  57.56247613  040.16419839 1 101
111  57.56247469  040.16416402 1 101
111  57.56247237  040.16412887 1 101
111  57.56246959  040.16409860 1 101
111  57.56246542  040.16406158 1 101
111  57.56245980  040.16402447 1 101
111  57.56245289  040.16399309 1 101
115  57.56235193  040.16362403
21  57.56490875  040.17484391 2 243.2700 3.0 New Light Fixture 15
21  57.55648605  040.14006790 2 61.8600 3.0 New Light Fixture 12
14  57.56234834  040.16976850  82.02 0 New Tower Viewpoint 2
15  57.55483865  040.14136419  94.20 Ramp 17
99
